#=====================================#
# parameters for CGPMSM
#=====================================#
#
#
# process control matrix A
# ===============================================#
#
# A00
# ----------------------------#
-0.1374 0.1000 0.1000 0.7912 0.1000
0.1000 -0.1483 -0.1655 0.1000 0.8276
0.1000 -0.2000 -0.0333 0.1000 0.6667
0.0000 0.0000 0.0000 0.4000 0.3000
0.0000 0.0000 0.0000 0.2000 0.4000
#
# A01
# ----------------------------#
0.4396 0.2000 0.1000 0.2015 0.3000
0.4000 0.4368 -0.0421 0.2000 0.2107
0.0000 -0.1724 0.3851 0.1000 0.5747
0.0000 0.0000 0.0000 0.9000 0.2000
0.0000 0.0000 0.0000 0.1000 0.9000
#
# A02
# ----------------------------#
0.4396 0.2000 0.1000 0.2015 0.3000
0.4000 0.4368 -0.0421 0.2000 0.2107
0.0000 -0.1724 0.3851 0.1000 0.5747
0.0000 0.0000 0.0000 0.9000 0.2000
0.0000 0.0000 0.0000 0.1000 0.9000
#
# A10
# ----------------------------#
-0.1374 0.1000 0.1000 0.7912 0.3000
0.1000 -0.1483 -0.1655 0.1000 0.8276
0.1000 -0.2000 -0.0333 0.1000 0.6667
0.0000 0.0000 0.0000 0.4000 0.2000
0.0000 0.0000 0.0000 0.1000 0.4000
#
# A11
# ----------------------------#
0.4396 0.1000 0.2000 0.2015 0.2000
0.1000 0.4368 -0.0421 0.3000 0.2107
0.1000 -0.1724 0.3851 0.1000 0.5747
0.0000 0.0000 0.0000 0.9000 0.2000
0.0000 0.0000 0.0000 0.1000 0.9000
#
# A12
# ----------------------------#
0.4396 0.1000 0.2000 0.2015 0.2000
0.1000 0.4368 -0.0421 0.3000 0.2107
0.1000 -0.1724 0.3851 0.1000 0.5747
0.0000 0.0000 0.0000 0.9000 0.2000
0.0000 0.0000 0.0000 0.1000 0.9000
#
# A20
# ----------------------------#
-0.1374 0.1000 0.1000 0.7912 0.3000
0.1000 -0.1483 -0.1655 0.1000 0.8276
0.1000 -0.2000 -0.0333 0.1000 0.6667
0.0000 0.0000 0.0000 0.4000 0.2000
0.0000 0.0000 0.0000 0.1000 0.4000
#
# A21
# ----------------------------#
0.4396 0.1000 0.2000 0.2015 0.2000
0.1000 0.4368 -0.0421 0.3000 0.2107
0.1000 -0.1724 0.3851 0.1000 0.5747
0.0000 0.0000 0.0000 0.9000 0.2000
0.0000 0.0000 0.0000 0.1000 0.9000
#
# A22
# ----------------------------#
0.4396 0.1000 0.2000 0.2015 0.2000
0.1000 0.4368 -0.0421 0.3000 0.2107
0.1000 -0.1724 0.3851 0.1000 0.5747
0.0000 0.0000 0.0000 0.9000 0.2000
0.0000 0.0000 0.0000 0.1000 0.9000
#
#
# noise control matrix B
# ================================================#
#
# B00
# ----------------------------#
0.6483 0.0000 0.0000 0.0000 0.0000
0.0000 0.6278 0.0000 0.0000 0.0000
0.0000 -0.7646 0.1370 0.0000 0.0000
-0.0000 0.0000 0.0000 0.9165 0.0000
0.0000 -0.0000 -0.2920 0.0000 0.8688
#
# B11
# ----------------------------#
0.8444 0.0000 0.0000 0.0000 0.0000
0.0000 0.8434 0.0000 0.0000 0.0000
0.0000 -0.0750 0.8006 0.0000 0.0000
0.0000 0.0000 0.0000 0.4359 0.0000
0.0000 -0.0000 -0.1999 0.0000 0.3874
#
# B02
# ----------------------------#
0.8972 0.0000 0.0000 0.0000 0.0000
0.0000 0.8935 0.0000 0.0000 0.0000
0.0000 -0.1368 0.7733 0.0000 0.0000
0.1858 0.0000 0.0000 0.7781 0.0000
0.0000 0.1865 -0.0187 0.0000 0.7777
#
# B10
# ----------------------------#
0.6483 0.0000 0.0000 0.0000 0.0000
0.0000 0.6278 0.0000 0.0000 0.0000
0.0000 -0.7646 0.1370 0.0000 0.0000
-0.0000 0.0000 0.0000 0.9165 0.0000
0.0000 -0.0000 -0.2920 0.0000 0.8688
#
# B11
# ----------------------------#
0.8444 0.0000 0.0000 0.0000 0.0000
0.0000 0.8434 0.0000 0.0000 0.0000
0.0000 -0.0750 0.8006 0.0000 0.0000
0.0000 0.0000 0.0000 0.4359 0.0000
0.0000 -0.0000 -0.1999 0.0000 0.3874
#
# B12
# ----------------------------#
0.8972 0.0000 0.0000 0.0000 0.0000
0.0000 0.8935 0.0000 0.0000 0.0000
0.0000 -0.1368 0.7733 0.0000 0.0000
0.1858 0.0000 0.0000 0.7781 0.0000
0.0000 0.1865 -0.0187 0.0000 0.7777
#
# B20
# ----------------------------#
0.6483 0.0000 0.0000 0.0000 0.0000
0.0000 0.6278 0.0000 0.0000 0.0000
0.0000 -0.7646 0.1370 0.0000 0.0000
-0.0000 0.0000 0.0000 0.9165 0.0000
0.0000 -0.0000 -0.2920 0.0000 0.8688
#
# B11
# ----------------------------#
0.8444 0.0000 0.0000 0.0000 0.0000
0.0000 0.8434 0.0000 0.0000 0.0000
0.0000 -0.0750 0.8006 0.0000 0.0000
0.0000 0.0000 0.0000 0.4359 0.0000
0.0000 -0.0000 -0.1999 0.0000 0.3874
#
# B22
# ----------------------------#
0.8972 0.0000 0.0000 0.0000 0.0000
0.0000 0.8935 0.0000 0.0000 0.0000
0.0000 -0.1368 0.7733 0.0000 0.0000
0.1858 0.0000 0.0000 0.7781 0.0000
0.0000 0.1865 -0.0187 0.0000 0.7777
#
#
# joint jump matrix
# ================================================#
0.3000 0.0200 0.0100
0.0200 0.3000 0.0200
0.0200 0.0200 0.3000
#
#
# mean of X (dimension of X = column number)
# ================================================#
1.0000 2.0000 3.0000
0.0000 0.0000 0.0000
-1.0000 -2.0000 -3.0000
#
#
# mean of Y (dimension of Y = column number)
# ================================================#
1.0000 2.0000
0.0000 0.0000
-1.0000 -2.0000
#
#
