85
117
276
327
345
397
384
340
328
297
268
200
199
163
136
161
152
116
125
101
91
101
106
103
102
130
118
113
116
133
160
163
141
137
146
174
184
197
245
323
322
375
471
464
566
613
660
729
727
745
723
817
788
775
740
745
759
795
781
725
753
694
755
760
770
775
754
702
712
709
782
791
779
769
702
636
729
656
597
569
463
485
440
383
355
326
318
286
321
306
277
229
226
196
159
157
142
118
128
105
96
65
77
58
71
58
52
56
52
50
59
66
76
94
112
84
113
160
257
256
347
419
499
556
615
658
687
629
695
724
735
649
594
661
597
576
583
676
713
754
770
807
882
855
889
945
946
924
1031
973
1044
1001
1026
1152
1194
1182
1233
1296
1307
1362
1420
1597
1633
1665
1599
1740
1612
1547
1402
1197
1079
981
840
777
682
675
593
605
483
513
576
514
431
358
414
528
600
383
333
273
215
193
146
173
125
138
107
93
103
63
106
84
87
74
94
86
106
114
114
124
165
169
186
208
305
331
436
535
566
691
718
767
814
790
857
892
852
794
668
727
673
653
640
640
734
758
691
841
847
797
819
944
935
914
962
1013
1034
1057
1054
1166
1207
1340
1161
1589
1537
1501
1613
1694
1631
1664
1707
1767
1682
1549
1388
1275
1126
920
845
875
701
637
630
604
510
472
580
543
421
390
436
461
298
259
249
222
166
183
164
146
137
102
103
118
94
91
111
85
92
89
78
102
118
138
126
129
166
162
152
242
284
345
379
474
566
633
717
781
811
820
780
865
874
746
643
640
693
652
663
733
734
776
779
858
850
891
932
951
981
1004
997
1036
1044
1175
1212
1423
1392
1302
1415
1449
1487
1610
1717
1671
1688
1775
1622
1683
1531
1239
1085
1365
1412
1054
941
927
800
724
670
688
650
606
646
652
596
472
485
483
448
367
279
288
264
231
215
185
173
177
179
130
115
126
100
120
92
106
98
91
95
97
108
114
119
109
113
154
172
232
237
282
240
282
324
369
433
409
460
435
500
510
570
574
607
680
641
729
758
850
872
912
922
975
1017
1066
1061
1026
1021
1066
1053
950
1025
993
987
1002
1061
1064
1010
1098
1086
1002
1047
1093
1131
1151
1132
1158
1078
1048
954
824
792
796
730
664
652
586
562
602
655
616
494
457
467
494
400
337
338
315
304
215
262
244
197
178
152
162
131
106
119
81
76
86
78
63
60
61
40
87
66
65
68
107
101
117
148
175
156
157
218
194
240
305
305
262
287
363
379
512
481
535
572
605
643
697
713
766
769
858
896
957
955
923
1047
992
978
903
926
961
943
927
903
999
998
1071
1075
999
1044
1064
1049
1087
1106
903
850
802
709
665
646
606
582
589
541
521
466
481
450
420
387
326
327
340
294
223
257
186
178
165
136
127
117
111
116
101
103
76
81
84
67
74
59
73
83
96
116
137
147
113
160
251
294
382
419
573
677
806
892
918
949
885
840
1170
978
806
703
665
658
664
622
665
679
665
697
756
763
735
755
813
874
876
923
976
945
1066
1051
1204
1275
1266
1244
1454
1512
1530
1677
1660
1746
1742
1718
1700
1696
1677
1575
1568
1134
1002
912
806
712
652
613
566
537
472
496
510
424
402
423
349
300
268
234
227
196
152
113
140
124
117
114
127
95
86
92
103
91
97
87
129
120
135
149
157
188
172
218
272
275
459
471
640
683
770
796
799
992
951
974
1023
942
883
814
765
749
713
663
661
681
663
691
781
761
721
790
822
879
852
868
924
959
996
1100
1191
1243
1281
1326
1527
1541
1552
1567
1680
1745
1384
908
1473
1507
1553
1476
1452
1414
1433
1242
975
742
721
666
623
530
527
484
668
490
385
441
422
361
319
318
330
243
177
155
148
116
149
118
103
107
94
103
103
112
94
79
104
121
130
143
169
186
179
206
240
313
399
442
622
720
827
859
929
943
927
1013
964
961
886
822
783
734
686
683
701
699
674
699
782
756
766
815
858
895
880
918
957
991
1070
1083
1202
1296
1328
1329
1481
1541
1564
1587
1724
1799
1668
1716
1718
1697
1622
1497
1496
1490
1131
909
936
831
734
688
664
554
534
589
570
462
487
430
472
344
267
225
232
213
185
166
132
140
104
122
114
102
105
95
105
99
115
95
126
108
126
184
183
199
195
185
249
338
356
442
628
669
842
824
957
979
965
954
961
958
934
868
802
702
745
694
669
726
688
695
742
832
816
751
871
899
882
866
917
1028
1093
1113
1175
1277
1340
1278
1485
1522
1544
1676
1578
1605
1633
1608
1594
1553
1381
1266
1361
1619
1465
1374
1061
883
792
718
699
659
561
580
565
537
509
459
473
382
307
256
258
234
197
155
167
159
147
137
120
108
110
123
113
110
106
101
114
136
140
133
197
182
197
194
266
339
387
429
642
724
767
868
925
918
888
908
962
933
833
711
755
656
677
694
658
717
719
761
825
858
836
882
977
983
975
1020
1042
1087
1179
1271
1429
1467
1450
1518
1568
1579
1678
1696
1641
1690
1702
1698
1741
1692
1450
1149
1484
1448
1254
1039
928
941
869
847
716
658
621
678
663
624
572
519
528
434
408
388
401
303
256
252
185
170
174
174
170
152
134
143
118
116
115
129
91
115
139
141
140
144
155
155
170
204
243
283
344
353
330
390
442
492
484
532
490
648
609
654
667
754
801
848
905
896
950
958
989
1126
1118
1146
1142
1185
1154
1195
1190
1139
1079
1094
1140
1061
1111
1157
1153
1028
1168
1184
1178
1101
1196
1123
1188
1124
1153
1069
1039
975
896
842
830
736
689
664
662
658
566
601
663
538
498
505
506
443
425
328
305
360
342
265
267
226
182
183
164
134
122
95
96
93
76
85
79
82
65
77
84
86
89
86
111
122
146
157
187
190
213
249
248
246
303
282
323
429
454
511
562
629
628
633
718
773
842
876
887
987
1035
999
1022
1072
1106
1100
1083
1160
1058
1185
1172
1020
1081
1031
1067
1128
1167
1105
1155
1102
1094
1087
1074
1092
927
888
857
847
765
777
717
739
699
647
617
659
535
504
430
417
343
361
375
306
305
237
230
217
163
143
124
119
108
97
95
95
87
95
69
51
75
70
66
114
98
89
111
135
148
168
221
284
431
485
583
697
802
878
992
1008
981
1024
976
933
849
754
766
745
730
708
812
776
771
716
690
870
879
868
855
952
929
973
945
942
1017
1141
1164
1273
1325
1361
1405
1452
1505
1648
1699
1736
1689
1719
1732
1573
1620
1667
1583
1370
1106
880
847
737
697
568
595
514
492
516
594
445
409
388
412
337
291
233
219
134
142
128
127
102
105
93
89
79
91
76
59
82
68
61
94
98
106
124
140
154
138
181
233
296
386
497
641
700
799
899
918
1032
1000
990
1016
1007
888
792
761
715
675
751
742
745
816

















1458
1539
1546
1649
1730
1296
1154
1305
1160
1061
1291
1266
1305
1399
1138
525
291
1295
1074
727
633
565
574
573
595
525
499
442
402
391
310
279
256
190
170
160
145
136
108
111
88
105
86
69
81
68
78
77
85
117
126
118
144
165
168
193
237
281
382
437
611
706
764
784
901
950
970
951
961
992
882
809
759
791
745
703
701
727
691
796
733
818
855
827
901
903
865
879
900
992
992
1086
1331
1356
1340
1350
1428
1538
1513
1536
1060
1177
1242
1123
1042
1125
1094
1237
1418
1347
1411
1282
976
850
790
757
774
658
481
698
626
519
444
465
440
393
360
303
301
203
181
149
138
115
103
100
99
94
98
89
85
72
88
75
91
106
120
94
129
137
172
214
268
299
409
448
535
697
780
849
813
848
904
1101
1105
1015
978
898
841
721
765
714
656
733
690
712
796
758
789
793
783
903
896
972
1000
1002
1007
1073
1224
1247
1262
1307
1408
1525
1580
1607
1431
1307
1216
1140
1232
1124
1265
1222
1280
1377
1169
913
943
978
838
772
723
626
581
695
586
482
611
524
441
397
357
302
272
221
196
179
181
157
122
85
110
97
78
110
89
70
90
88
96
101
113
130
126
139
173
213
269
299
354
493
570
674
823
857
991
849
784
904
944
899
1015
902
798
738
738
680
738
701
755
750
815
881
880
883
962
995
1011
1085
1063
1027
982
1481
1367
1479
1478
1438
1500
1506
1652
1645
1153
1072
1004
1595
1234
1151
1157
1452
1476
1364
1200
957
977
926
838
797
831
731
684
660
700
578
514
561
532
431
430
387
405
380
277
229
194
176
171
137
120
99
116
96
115
103
91
75
78
60
81
116
105
108
135
123
168
202
236
252
286
337
313
373
418
446
470
487
538
624
570
600
618
737
739
768
854
818
850
854
980
996
1027
1074
1153
1145
1030
1105
1108
1042
1113
1039
1068
1076
1077
1075
1096
1023
1062
1120
1032
1054
1121
1188
1160
1118
1077
1072
1084
914
833
788
809
705
660
570
630
674
615
620
611
550
538
517
481
412
422
396
404
400
306
315
270
223
226
185
117
119
99
76
70
83
76
71
60
51
58
50
64
59
63
66
68
101
110
154
207
181
152
236
227
236
240
249
312
365
363
484
534
539
556
611
636
670
791
762
811
916
989
979
930
1029
1084
1023
1079
1077
1002
965
1100
1009
983
1022
1039
1071
1000
1054
1109
1065
981
1073
1005
1047
826
901
896
781
760
791
712
676
605
572
618
549
527
474
436
443
337
356
382
260
253
215
160
161
134
138
135
110
103
93
75
60
63
54
62
43
52
55
72
69
71
90
118
124
129
145
226
275
352
423
551
677
761
861
925
979
972
926
910
925
927
730
788
794
785
714
681
755
702
723
760
776
755
786
821
898
879
893
928
971
998
1051
1135
1283
1343
1299
1412
1444
1543
1595
1674
1430
1306
1106
1179
1096
1172
1328
1427
1442
1056
909
878
748
713
622
583
516
466
538
534
430
403
430
427
298
241
217
219
196
130
120
121
110
88
73
85
71
62
73
79
75
84
80
92
90
96
127
141
167
159
196
232
315
383
434
599
697
760
848
988
923
815
999
1027
1066
890
838
783
797
763
703
711
649
726
754
714
781
779
788
856
826
852
944
1019
921
967
1055
1205
1275
1261
1352
1379
1317
1513
1623
1521
1191
1123
1067
1027
1016
1079
1122
1063
1186
1343
1247
1234
931
820
749
649
543
568
604
626
518
409
452
455
380
336
265
238
196
151
119
127
117
96
101
103
83
69
80
80
77
79
78
91
97
74
110
141
159
150
181
229
298
352
423
562
669
768
869
817
800
821
839
909
1033
1022
955
852
893
830
741
713
698
688
679
710
716
764
719
778
794
905
1034
994
971
982
1072
1224
1230
1308
1397
1466
1509
1514
1645
1610
1691
1626
1410
1668
1607
1575
1498
1553
1218
1184
1023
1011
813
765
741
698
591
545
598
608
505
521
560
518
369
334
296
236
247
193
172
125
125
98
103
116
100
82
84
83
71
86
94
85
93
98
117
131
157
161
184
246
257
360
410
563
669
750
840
948
1012
1007
998
897
956
933
746
758
736
675
727
682
705
707
722
789
741
784
853
846
895
864
968
980
1015
1013
1128
1185
1312
1301
1366
1388
1418
1504
1615
1684
1728
1641
1626
1617
1658
1603
1495
1530
1286
1195
1038
1031
838
779
717
667
591
602
546
640
522
534
480
469
369
342
316
302
264
205
174
187
149
159
153
131
100
103
113
96
80
127
109
104
131
133
148
136
185
206
236
263
312
371
453
560
691
803
888
927
987
856
910
890
785
917
825
811
737
712
720
684
754
745
735
807
874
864
860
1002
1037
1005
1105
1132
1142
1214
1228
1363
1463
1388
1412
1465
1510
1626
1642
1572
1695
1638
1634
1615
1585
1561
1461
1417
1322
1103
1017
880
873
1055
1011
745
714
649
712
673
641
542
591
548
474
467
496
428
382
294
237
224
243
175
206
175
147
152
171
146
122
117
122
107
121
141
132
167
138
175
190
209
230
245
297
341
357
373
418
450
483
515
519
562
625
618
648
691
717
812
790
893
942
966
1000
976
969
1033
1013
1198
1157
1110
1065
1109
1126
1091
1063
1169
1063
1061
1071
1151
1074
1142
1123
1159
1216
1107
1196
1167
1116
1118
1093
997
1003
973
882
804
835
721
673
703
658
669
650
649
642
620
532
495
408
427
423
398
396
364
375
283
232
229
211
172
139
130
97
123
101
93
81
84
93
77
63
82
92
79
90
104
114
129
156
195
179
179
197
232
250
249
261
299
362
344
430
532
544
627
564
652
659
723
826
841
871
900
978
1050
1018
1032
1036
1013
1097
965
1044
999
1000
1056
1080
989
1009
1031
1136
1102
1051
1000
1050
1078
1113
998
932
840
818
804
773
680
677
623
548
559
530
538
510
500
456
426
388
341
306
267
219
223
184
165
171
149
142
118
118
122
91
85
76
76
81
68
68
75
86
92
120
121
133
158
167
243
327
364
431
574
672
795
905
953
1014
1013
1026
927
1023
884
816
637
845
681
687
729
744
707
783
777
842
795
792
899
917
927
921
978
1010
953
1143
1200
1248
1279
1241
1384
1311
1581
1664
1398
1183
1049
1515
1745
1634
1638
1607
1555
1446
1443
1035
912
906
740
705
606
549
505
593
575
505
525
488
427
341
268
232
221
196
203
126
127
129
130
114
102
102
100
97
103
99
91
91
111
98
150
136
149
189
195
210
274
323
398
453
596
702
783
841
974
1019
1018
1079
1078
1000
855
866
760
809
723
639
632
728
659
718
682
776
793
732
923
852
778
784
836
937
1001
947
1070
1027
1138
1215
1257
1180
1201
1420
1476
1454
1492
1469
1364
1382
1235
1254
1224
1391
1370
1190
1079
831
779
748
856
603
559
567
551
561
540
497
493
396
357
335
284
196
167
125
222
157
125
127
115
107
81
94
81
96
112
109
112
119
142