114.04
107.31
110.01
107
107.25
106.97
109.22
108.16
107.68
109.81
109.09
107.42
107.62
109.94
107.64
110.4
107.01
110.17
109.22
107.39
108.4
111.06
105.32
105.31
109.87
106.57
108.43
106.31
108.53
111.8
104.86
109.72
110.36
111.02
111.71
110.75
107.09
107.13
109.15
108.61
108.65
109.79
108.84
110.41
109.11
110.6
109.86
110.14
108.7
109.54
108.19
109.39
110.37
109.76
110.3
110.98
110.34
110.28
110.02
109.97
111.58
110.16
110.63
110.09
106.73
105.55
104.57
105.06
105.17
105.59
106.13
105.65
105.32
104.48
107.86
105.44
106.08
105.76
105.78
105.64
107.32
107.11
109.3
108.14
109.37
107.34
106.52
108.57
108.04
109.42
107.1
107.04
107.7
109.5
107.7
107.53
107.55
107.42
109.04
106.34
103.76
103.12
101.99
104.38
105.61
103.01
103.84
101.61
103.44
98.5
105.92
99
100.39
99.86
101.72
100.33
102.1
102.91
103
102.69
102.48
104.64
103.66
104.08
105.05
104.36
103.63
105.63
105.35
106.87
105.1
107.28
106.6
105.61
103.8
105.06
104.79
104
103.99
103.91
104.75
103.33
103.56
105.8
105.19
103.25
105.1
104.12
103.67
104.64
105.25
105.14
104.83
105.49
103.48
105.04
103.23
103.23
103.2
101.69
100.72
95.6
94.59
93.42
95.2
93.57
90.26
96.72
100.3
102.02
103.51
103.43
104.4
106.21
107.75
106.13
106.86
104.98
107.07
107.42
106.68
107.04
106.93
109.61
109.56
109.57
107.59
110.02
110.85
106.48
107.57
105.81
105.55
105.47
103.21
105.06
105.55
103.5
100.31
103.2
98.59
101.59
98.73
102.5
100.3
102.82
100.08
105.44
98.26
100.2
102.1
102.15
100.62
102.98
99.89
100.4
101.84
102.74
102.91
103.11
102.21
102.1
102.23
102.81
104
103.87
104.5
104.92
103.82
104.62
104.1
104.83
103.27
104.67
104.38
101.97
103.89
99.45
102.15
105.17
104.16
102.39
100.52
103.84
104.25
102.16
101.42
103.38
105.16
104.15
100.01
92.26
97.27
95.66
97.2
98.39
97.16
93.32
93.53
90.66
92.55
91.79
94.16
98.02
100.2
102.23
102.87
105.67
104.83
104.98
106.48
100.37
84.96
108.43
107.09
106.87
105.17
105.64
105.94
106.69
107.15
104.88
106.51
106.95
107.22
103.51
105.92
104.59
103.53
101.2
103.88
102.49
105.16
104.84
101.45
102.86
101.27
100.5
103.12
102.11
99.25
101.81
101.1
98.67
104.65
102.26
101.66
100.27
101.14
101.08
101.97
102.07
102.94
103.49
103.47
104.89
103.52
102.19
102.24
102.37
104.4
105.69
104.56
106.38
105.11
104.18
104.32
102.81
103.7
103.5
103.85
102.89
103.53
105.19
104.78
104.11
105.23
104.87
104.07
106.25
103.5
105.23
105.52
104.57
104.15
101.82
102.96
104.02
102.24
96.96
94.23
91.4
94.93
94.52
94.22
93.13
86.4
72.41
96.63
101.2
103.76
99.8
96.82
102.49
104.23
103.9
104.71
105.17
106.09
105.79
105.27
105.85
106.07
104.01
108.03
106.17
106.85
108.85
107.52
109.42
107.48
109.14
109.34
107.19
108.52
106.15
106.61
105.36
105.85
105.63
104.97
101.78
106.28
103.1
100.44
105.19
100.36
100.3
100.75
102.14
99.23
104.15
101.6
100.34
100.29
99.86
102.29
103.37
102.91
104.15
103.74
105.57
106.49
104.51
107.12
107.76
106.9
105.75
107.96
108.47
107.14
107.56
108.74
107.86
107.18
107.48
107
105.1
105.24
106.65
106.08
107.12
104.93
105.77
106.42
107.24
107.34
106.2
106.43
107.2
101.85
106.84
107.53
108.21
106.82
106.31
107.21
105.69
103.77
104.78
103.43
102.93
101.78
102.58
102.37
102.83
103.26
103.27
105.48
106.21
105.95
106.2
107.12
107.8
107.16
107.78
107.69
107.62
106.39
107.07
108.76
107.86
104.61
107.98
108.61
108.74
109.21
110.59
109.51
108.82
110.07
108.46
107.89
106.9
111.33
108.97
105.8
104.69
107.43
105.45
104.26
104.15
102.3
107.76
101.15
101.44
110.28
101.99
100.22
102.77
104.59
103.25
106.55
105.2
107.35
106.75
105.33
105.2
107.1
106.77
106.86
110.36
109.8
109.37
108.33
110.2
108.98
108.02
110.38
109.81
108.6
109.36
108.51
108.64
108.53
106.89
107.8
106.97
107.29
106.85
106.97
108.44
106.28
107.31
109.3
109.25
109.53
107.23
108.03
109.52
108.17
106.92
107.11
106.33
105.07
104.45
104.15
104.29
102.21
102.83
102.31
103.94
106.36
105.33
106.62
106.73
106.65
107.96
107.96
107.53
108.85
108.05
108.48
110.63
108.26
107.58
108.57
106.57
108.97
108.38
107.27
105.02
97.55
106.64
104.64
107.14
104.11
104.27
107.55
105.79
105.6
107.04
103.87
103.33
103.96
101.74
99.05
101.18
98.61
102.42
99.46
100.31
103.64
103.07
101.47
99.75
102.09
104.82
103.72
105.19
104.1
104.04
103.12
103.48
101.1
102.07
101.06
104.43
105.07
102.35
103.54
105.99
105.63
105.15
103.01
101.27
103.66
102.59
102.27
102.27
103.54
103.17
101.12
102.06
102.55
103.3
102
103.31
102.7
102.94
101.86
101.82
100.68
100.88
100.89
102.71
100.65
97.98
96.18
95.47
91.86
90.73
86.7
85.85
86.57
89.1
89.04
89.88
94.06
94.97
103.21
103
104.76
104.75
106.4
105.44
105.26
104.79
105.14
105.25
107.52
105.63
105.48
106.67
106.04
106.28
107.34
106.97
108.31
107.24
107.17
104.3
108.21
102.85
106.48
105.01
102.96
100.3
103.17
101.94
99.92
100.61
101.17
102.02
99.09
101.14
101.26
102.44
102.85
101.51
103.29
100.92
100.08
99.33
102.07
102.2
105.1
102.35
103.56
102.98
101.93
105.58
101.2
105.11
103.44
104.05
105.68
104.51
104.73
105.2
102.71
103.23
103.38
104.52
103.7
102.47
103.47
103.82
102.59
103.52
102.98
103.48
105.12
102.58
104.17
102.64
104.25
103.64
102.9
104.33
103.14
102.42
98.57
95.82
98.05
96.86
97.72
94.11
90.47
96.32
104.02
100.16
98.41
95.8
95.67
96.71
96.96
95.75
99.92
104.76
106.65
105.45
105.67
106.48
105.24
106.88
105.23
104.2
105.86
106.01
107.02
105.58
107.41
109.31
110.13
109.47
106.91
106.57
104.33
103.56
102.51
105.63
102.24
102.48
103.89
102.24
101.7
98.82
100.9
98.08
98.49
98.24
99.72
101.06
100.72
102.81
102.59
102.43
100.45
100.78
100.3
103.22
103.64
102.83
103.67
103.2
101.44
103.2
102.48
103.56
104.07
104.53
101.52
102.63
103.89
103.48
103.27
102.16
102.62
103.01
102.89
102.91
102.76
103.07
103
103.34
103.73
104.04
104.3
103.31
104.28
103.76
104.56
102.56
103.21
102.89
101.48
100.6
102.74
99.94
98.77
97.73
95.21
92.14
87.65
80.26
85.35
87.76
90.77
88.03
90.58
73.6
81.93
99.88
103.38
104.42
103.5
104.82
104.6
106.32
106.13
105.01
105.02
106.25
105.25
105.42
105.02
106.68
105.24
108.15
106.09
106.17
105.28
106.78
104.56
101.47
100.77
104.2
102.47
101.51
103.35
100.87
101.06
95.81
99.98
100.05
100.08
97.48
102.27
99.73
100.5
102.41
103.21
98.5
101.39
99.2
100.79
102.83
103.69
103.36
101.93
101.62
101.9
100.79
100.1
102.5
102.6
103.25
102.97
104.05
101.9
102.86
101.88
101.27
101.42
101.35
100.45
101.76
102.15
102.65
102.1
100.53
102.19
101.07
101.98
102.9
103
102.12
102.01
101.65
102.23
101.91
98.77
97.87
100.13
96.49
93.7
91.62
87.44
88.13
85.07
71.6
78.44
82.33
79.77
81.82
86.82
82.69
76.13
90.18
95.51
101.27
101.43
103.37
102.79
104.27
104.6
105.33
106.65
105.07
106.21
106.36
104.17
95.11
101.75
106.19
103.74
102.45
104.82
103.49
104.22
102.26
102.39
103.17
104.8
103.45
101.17
99.8
99.63
99.43
99.86
102.91
102.84
98.32
100.65
99.2
101.84
104.01
102.96
100.38
98.76
99.31
102.02
101.59
102.82
101.91
102.11
103.26
100.82
101.69
99.98
102.65
103.22
102.64
102.74
104.29
103.82
101.58
103.53
101.17
101.29
102.58
101.08
102.66
102.59
100.85
101.36
102.19
102.2
102.48
102.67
101.35
101.5
102.67
102.62
100.44
98.25
98.62
97.65
99.44
98.95
97.84
96.44
93.35
93.15
89.83
87.95
87.54
87.24
82.17
83.65
92.44
101.02
92.79
96.82
97.27
102.48
102.22
103.26
103.84
103.23
105.62
106.27
105.28
105.39
105.57
106.02
104.65
106.52
104.89
105.04
106.29
105.29
105.57
104.71
104.6
108.96
100.56
103.41
105.8
105.84
104.08
101.79
102.56
102.06
98.34
101.37
100.48
101.87
103.69
99.77
100.54
100.3
99.41
101.59
98.21
100
100.25
99.19
101.61
103.26
102.17
101.47
103.97
102.48
103.26
102.32
104.41
105.46
106.17
105.43
106.6
106.75
104.82
105.23
105.75
104.66
104.58
103.05
105.01
104.13
103.2
103.19
103.97
103.15
102.09
100.79
103.4
103.97
103.22
106.47
105.82
105.34
105.61
104.98
105.82
105.77
106.7
106.19
105.98
103.26
101.48
101.09
100.61
101.09
101.15
100.76
102.15
102.91
103.16
100.79
101.81
102.59
103.56
102.96
104.07
106.24
103.43
104.13
105.46
106.66
105.66
105.47
106.84
108.13
106.5
107.53
106.83
106.78
109.46
107.53
109.8
109.25
108.58
108.04
107.31
107.5
106.54
104.17
110.55
105.98
103.95
103.36
104.56
105.62
105.6
102.97
107.11
103.61
103.4
106.51
103.51
102.01
101.76
104.09
106.02
106.15
107.31
105.03
105.47
108.65
107.18
107.86
107.76
107.26
107.17
108.17
109.63
107.37
106.23
106.98
106.78
108.16
108.33
107.25
107.25
106.83
107.6
105.84
106.08
105.89
107.3
107.56
107.34
106.79
106.63
105.93
108.01
105.3
106.46
107.99
107.9
107.73
104.24
106.5
105.29
105.24
104.48
103.41
101.27
101.7
101.5
102.31
103.98
102.78
104.53
104.68
105.47
105.22
105.19
106.38
108.4
108.22
106.86
106.33
105.41
106.95
107.44
106.45
108.58
109.72
107.07
108.33
108.48
108.74
109.02
105.39
108.02
105.59
106.11
105.82
115.68
104.66
105.73
102.23
103.46
98.73
101.92
100
101.03
102.29
102.04
103.67
100.53
103.13
100.87
100.81
102.6
105.9
103.09
104.85
104.04
105.31
105.39
103.29
105.49
103.96
100.97
102.77
104.45
103.43
104.01
105.85
104.7
104.79
105.24
103.85
103.47
103.59
103.72
102.73
103.74
104.23
104.54
102.55
102.2
102.06
103.5
103.23
103.34
101.36
102.56
102.34
102.23
101.24
101.73
102.02
102.09
101.2
99.37
98.8
99.05
95.67
93.37
90.3
89.52
88.78
89.24
94.15
92.32
90.32
93.25
97.13
98.08
64.44
102.78
104.78
103.12
104.58
105.29
104.5
104.81
105.25
104.26
104.42
106.79
108
104.9
104.81
101.46
95.17
96.52
99.31
99.74
106.23
108.21
106.29
104.67
103.65
102.13
103.07
102.48
105.28
98.32
103.18
101.58
100.59
104.79
102.51
99.54
100.57
97.66
97.21
95.69
95.13
95.65
101.64
103.05
101.3
101.96
101.89
101.13
101.11
100.83
101.37
102.01
102.22
102.81
102.79
104.72
102.26
102.1
103.28
102.26
102.38
98.87



















99.11
94.84
96.28
93.79
76.7
39.31
27.5
33.84
24.53
20.49
30.47
30.91
34.14
39.52
89.37
96.55
103.05
96.35
95.02
102.82
104.5
104.17
104.49
103.6
104.02
103.24
104.03
103.52
102.79
102.64
103.47
103.65
98.54
94.94
98.55
100.37
101.36
101.93
103.35
103.15
101.46
101.97
100.92
99.42
101.9
100.65
98.51
97.77
96.94
102.45
105.92
102.26
102.53
98.78
94.35
93.06
95.65
101.34
99.33
101.7
103.12
101.61
101.71
101.05
100.72
102.05
101.68
103.88
102.46
101.37
101.2
100.96
101.43
99.58
100.91
99.5
99.12
100.8
101.06
100.99
101.01
99.33
100.04
100.59
100.64
101.19
101.04
101.63
102.53
99.98
100.79
99.3
95.11
94.58
93.06
94.24
93.62
89.53
91.42
53.07
24.9
32.41
29.9
27.76
22.04
25.76
26.97
30.58
46.13
37.56
47.59
84.96
101.66
102.36
102.71
104.32
103.17
104.18
106.82
101.92
102.89
105.61
105.73
106
103.85
105.05
105.75
108.04
98.98
97.64
99.57
97.62
104.65
104.45
106.66
103.42
103.28
101.24
99.24
101.35
100.9
99.1
101.79
101.77
101
98.68
98.92
99.51
99.35
99.59
100.58
99.41
100.37
103.27
101.56
101.72
103.43
102.23
102.99
101.74
101.11
103.67
102.78
101.96
99.06
100.48
101.44
101.65
101.38
101.8
101.15
102.16
103.53
100.7
102.99
101.81
100.48
102.78
101.9
103.42
103.9
104.3
102.25
102.84
103.57
102.98
102.92
103.66
101.76
101.22
102.05
102.28
100.79
98.34
96.51
94.95
43.17
32.14
29.5
25.62
28.72
23.92
29.85
26.05
30.37
36.21
38.28
101.28
102.42
101.9
104.31
104.7
104.85
105.08
105.61
103.13
103.45
105.21
104.49
105.58
106.75
105.37
106.65
103.7
97.22
96.4
97.67
101.83
106.24
107.14
102.45
102.83
105.04
101.84
100.82
99.9
104.61
101.08
100.71
99.97
103.89
103.12
99.31
97.54
96.73
95.1
98.31
100.6
100.03
100.88
99.42
99.42
101.34
101.02
101
101.3
98.61
101.27
104.79
102.42
102.05
102.12
100.94
99.79
98.07
97.58
96.84
97.28
94.63
95.26
100.37
101.23
102.6
100.24
102.82
102.36
101.62
101.82
102.86
101.73
101.91
103.46
98.4
98.88
100.37
99.26
97.98
94.26
92.55
97.12
93.25
80.08
59.22
83.73
81.61
79.45
34.72
25.92
57.94
80.63
79.37
85.67
96.17
100.77
101.07
102.97
101.76
102.64
103.19
103.84
103.15
102.19
102.61
104.34
103.44
104.81
104.85
105.93
104.2
105
95.87
91.86
94.19
103.11
104.21
107.37
105.72
105.09
104.01
102.28
100.42
103.28
102.32
103.1
99.29
104.14
100.23
99.78
98.84
98.11
101.33
100.96
97.99
96.53
99.75
99.33
101.27
102.48
103.36
102.88
102.95
102.49
102.29
103.64
104.78
105.36
103.4
104.88
106.88
104.58
105.99
103.99
106.02
104.95
103.66
103.46
104.92
105.56
103.73
104.56
104.8
103.45
103.49
104.61
105.09
104.35
104.09
104.39
104.04
106.3
105.27
103.83
105.29
104.92
104.35
104.96
103.59
104.82
104.01
103.58
100.37
100.7
100.63
99.84
101.12
101.09
101.58
103.56
102.32
103.83
102.17
104.13
105.06
105.6
105.55
105.88
105.76
104.62
104.87
104.37
105.36
105.8
104.7
107.48
105.44
106.09
106.93
105.82
104.88
94.88
94.54
100.34
106.46
105.61
105.41
105.53
103.92
103.44
105.83
107.89
105.82
108.39
101.17
100.75
102.89
101.07
96.31
100.1
100.98
104.03
101.58
104.31
102.33
104.61
108.61
105.48
108.11
106.4
107.65
108.99
107.23
105.92
108.75
107.4
108.24
107.1
106.86
107.13
108.63
108.66
108.34
108.05
107
108.39
107.03
107.03
107.07
107.19
107.13
106.27
106.92
107.36
108.03
106.59
107.67
107.54
106.89
107.72
107.02
107.45
106.07
106.35
107.71
105.48
104.99
105.44
100.68
102.24
99.73
102.1
102.19
103.55
104.02
104.48
103.68
104.25
105.02
104.65
105.08
104.58
105.74
104.99
105.17
105.27
105.36
104.81
102.78
94.2
92.49
95.4
107.74
106.37
103.61
104.74
105.6
106.89
107.57
103.3
103.81
104.53
103.75
97.75
98.24
103.02
101.38
102.61
99.1
100.79
100.57
99.05
99.14
100.03
101.98
99.01
100.94
102.16
99.85
102.23
102.58
101.39
103.61
102.04
102.51
100.96
99.33
100.64
102.96
103.4
104.34
101.96
102.15
102.19
101.59
101.06
100.03
100.53
101.04
99.94
100.46
101.19
101
101.33
101.32
101.39
101.7
99.67
101.29
101.38
102.58
101.95
102.21
101.46
101.64
99.82
99.79
100.3
98.81
98.32
95.06
95.68
81.98
56.6
33.01
26.24
25.05
24.16
25.95
32.51
37.18
43.68
93.03
99.57
100.35
102.42
101.59
102.4
101.24
101.58
102.81
100.83
102.61
103.87
102.78
104.4
103.09
101.24
101.9
92.76
96.71
99.09
102.51
100.68
103.93
101.4
104.22
101.77
102.03
98.39
99.47
100.18
99.19
96.95
96.76
96.51
101.06
98.46
98.29
100.33
100.4
100.73
102.07
99.03
100.34
98.95
100.84
102.83
102.07
102.07
101
100.57
100.64
101.52
105.26
103.49
102.15
101.18
103.57
99.76
101.92
102.12
100.17
101.92
99.92
101.16
101.27
101.17
101.57
99.82
101.94
101.14
101.24
102.14
102.63
101.12
101.11
104.07
103.56
100.49
102.33
100.1
99.75
99.44
98.13
98.64
88.87
91.54
88.47
34.64
25.55
25.45
24.32
20.69
21.91
24.31
23.64
26.72
37.89
34.55
48.26
99.33
99.06
95.53
95.62
98.17
95.97
95.35
99.56
102.35
102.19
104.84
105.44
104.68
103.42
96.68
97.15
99.97
103.77
104.16
104.9
106.19
104.18
104.15
101.36
105.32
99.86
101.78
98.35
97.97
99.07
102.25
103.19
102.16
100.25
101.87
101.6
104.22
97.29
94.2
98.01
101.17
103.17
101.59
103.24
101.31
102.47
101.82
102.49
102.67
104.46
104.51
101.83
99.98
100.14
100.59
101.4
101.41
100.88
100.89
100.92
100.56
101.47
101.95
102.43
102.1
103.5
102.97
101.38
101.83
100.83
100.55
101.76
102.63
101.99
102.51
99.22
98.58
99.41
97.28
94.09
93.4
93.95
91.45
90.71
87.76
86.28
91.96
84.63
85.24
84.71
88.1
88.37
97.39
93.19
101.66
99.77
102.5
102.71
102.09
103.55
103.74
105
103.13
104.36
103.15
104.9
102.83
106.03
104.48
106.08
104.28
93.87
99.58
98.53
103.22
102.37
104.15
103.85
102.21
102.39
101.55
101.26
100.63
100.76
103
100
97.81
102.64
102.8
101.65
101.96
100.59
104.62
97.82
96.68
95.34
99.71
101.28
101.02
101.2
100.8
101.71
101.51
103.39
102.34
101.62
100.85
102.78
101.57
103.09
98.58
96.03
98.82
101.27
99.48
100.83
92.95
93.38
98.88
99.1
99.41
98.55
100.34
101.42
100.64
101.05
99.57
100.18
101.48
101.35
100.68
100.66
98.6
98.74
98.59
98.52
97.6
93.81
91.96
89.3
86.7
87.66
82.53
85.17
85.95
86.64
90.59
88.77
95.31
97.67
103.42
100.55
104.36
103.76
103.55
104.71
105.66
104.77
104.26
104.32
104.28
106.37
105.95
105.61
105.4
105.12
107.09
108.9
105.56
105.44
104.11
104.05
103.41
105.09
103.6
101.59
97.74
104.14
100.71
99.7
98.71
98.05
101.14
102.45
100.75
100.24
101.11
100.77
101.2
100.49
99.33
100.05
98.85
101.4
100.77
101.62
101.47
100.7
99.83
100.29
98.16
101.91
101.72
101.27
103.26
103.29
98.95
101.01
100.85
100.23
101.07
100.64
98.77
101.14
102.43
101.9
100.64
101.23
102.92
102.33
101.36
100.4
101.65
102.06
101.01
100.76
100.98
100.66
98.82
99.78
100.19
98.31
99.15
94.51
90.4
60.33
79.55
87.9
85.98
85.11
88.37
86.83
92.17
93.32
94.69
100.23
101.83
103.72
103.48
101.37
101.12
105.04
103.49
103.65
103.55
103.15
104.4
103.76
104.18
102.93
104.83
105.63
105.15
104.53
97.07
100.92
98.75
104.89
106.29
105.2
106.31
103.78
102.97
101.99
101.5
102.44
100.5
100.37
99.35
96.97
99.16
103.06
98.47
100.63
99.55
99.26
98.99
98.5
99.45
101.59
102.02
102.18
102.4
102.29
102.49
104.4
104.19
103.99
105.61
104.09
105.27
105.59
103.71
104.45
103.42
103.93
104.37
102.47
102.82
103.98
103.37
104.83
104.6
103.62
103.87
102.31
103.6
104.68
105.13
104.23
104.35
105.23
105.08
102.38
103.1
103.67
103.6
104.12
105.29
102.37
101.48
101.95
100.44
100.43
97.78
95.69
96.09
96.17
98.88
97.95
97.58
98.97
99.28
98.2
96.7
99.18
100.93
98.49
89.12
88.2
88.33
87.68
90.01
102.1
102.79
103.95
103.97
104.6
104.98
106.38
104.56
105.97
106.47
105.74
104.83
105.69
106.61
105.29
105.21
104.05
103.41
103.39
102.81
102.63
94.21
102.65
98.95
105.18
102.17
106.92
105.18
105.14
103.5
103.77
102.74
105.01
103.69
105.31
102.84
103.13
103.29
103.87
106.23
107.72
106.54
108.65
106.21
109.5
108.85
108.52
107.51
108.04
108.32
109.26
105.61
107.46
105.88
105.91
105.63
107.05
105.1
104.38
105.51
105.37
105.15
107.32
105.95
106.9
104.82
106.65
106.79
105.49
104.59
103.07
103.78
101.96
102.19
103.69
102.19
103.93
101.2
101.29
99.85
102.39
105.37
105.37
105.44
105.76
107.04
106.78
107.63
107.76
90.01
91.33
89.16
100.96
106.93
106.83
108
107.96
106.35
108.12
109.97
109.39
108.61
107.3
108.85
105.34
100.83
98.42
99.32
104.53
103.46
104.97
104.92
105.37
109.53
101.49
101.82
100.91
105.32
101.47
98.08
101.77
101.39
104.39
102.72
103.13
101.45
102.46
103.54
102.89
104.63
103.63
103.84
104.24
102.43
102.28
104.71
103.6
103.38
102.3
102.8
104.43
105.24
105.24
103.41
104.54
104.87
103.38
103.54
102.93
103.96
102.93
102.84
103.73
104.84
102.97
103.23
102.67
105.2
103.92
103.66
104.48
103.85
102.64
102.73
103.22
103.38
101.82
102.63
97.46
94.32
97.45
103.71
104.01
95.61
82.9
84.2
86.84
87.11
91.17
94.3
92.18
100.05
102.27
101.61
103.56
103.15
102.94
103.81
103.62
104.54
103.94
102.06
104.11
105.03
105.06
104.64
105.5
107.26
105.58
105.02
95.55
106.02
102.36
102.36
103.62
102.41
101.11
100.21
100.41
97.54
97.09
100.03
96.22
98.98
98.96
99.05
100.59
99.02
101.29
100.55
99.27
98.38
101.36
98.69
99.94
100.7
101.88
100.69
100.82
102.17
99.98
101.31
102.5
101.06
101.63
103.67
102.53
102.76
102.14
100.97
101.72
102.27
102.89
100.47
101.22
101.88
100.2
102.82
102.21
102.71
101.58
101.18
101.36
103
103.18
101.84
101.56
102.94
102.2
101.49
100.47
100.87
100.34
100.76
102.09
99.14
97.15
97.2
94.01
93.07
93.81
92.1
94.93
97.02
93.71
91.33
90.86
95.15
96.12
101.14
100.89
101.33
96.83
97.94
98.38
93.78
92.48
90.11
88.38
89.83
93.25
96.02
98.58
92.73
97.72
98.14
99.66
100.99
102.38
102.59
100.44
101.53
101.19
103.17
99.01
102.44
102.07
99.8
101.46
98.87
104.01
101.76
103.04