79
159
298
303
370
398
406
365
348
358
300
239
196
171
169
164
142
143
135
144
130
133
150
123
135
155
153
154
161
138
171
166
150
123
158
143
185
238
271
315
329
368
457
441
495
568
652
619
678
626
705
677
657
628
683
605
591
572
613
573
538
556
568
499
532
512
539
455
487
556
692
568
401
533
549
450
417
374
379
337
336
324
314
302
246
298
222
237
205
221
191
189
178
156
129
113
120
94
85
81
52
51
44
43
46
61
42
43
35
47
52
58
73
80
94
73
106
185
207
234
286
338
421
432
542
571
646
471
482
523
522
475
525
563
511
584
576
589
634
650
668
709
750
698
702
735
730
748
678
720
719
714
732
771
794
764
814
858
922
867
893
994
915
939
950
885
843
777
730
667
635
621
556
501
440
374
391
348
313
316
276
281
277
222
303
394
376
334
260
187
156
135
126
111
76
82
86
75
50
53
60
47
72
59
64
78
83
90
76
92
143
125
145
194
244
285
313
400
477
548
596
589
669
712
594
689
641
570
480
572
600
568
634
580
635
670
683
700
695
732
730
709
696
703
685
757
703
757
782
828
860
861
920
946
991
957
992
1060
982
955
966
1016
950
865
760
766
672
661
592
588
514
413
388
354
327
317
316
267
279
237
257
235
204
191
200
185
154
138
106
122
95
76
77
77
70
65
62
66
51
54
74
73
94
89
104
122
140
98
151
207
270
264
304
391
519
500
600
590
704
632
596
643
703
541
505
577
640
631
619
670
638
728
683
727
717
689
705
753
767
796
753
836
810
865
837
900
917
936
974
974
977
966
963
988
1053
947
995
908
904
828
731
730
709
650
633
596
512
465
423
412
383
346
342
322
281
279
277
291
255
234
218
215
235
195
163
137
144
113
107
89
108
83
93
77
70
57
74
66
76
63
64
78
86
83
79
127
135
145
181
187
227
233
279
315
359
309
316
408
471
487
470
553
596
612
642
670
738
676
715
818
791
824
830
954
881
851
840
892
787
804
810
847
750
811
804
775
733
814
764
789
803
744
895
886
958
956
858
746
609
591
524
504
507
456
415
412
417
439
368
366
251
319
273
300
310
267
253
239
240
190
223
183
158
145
117
107
71
61
63
50
53
58
46
52
53
49
37
58
67
45
66
72
85
74
104
116
139
153
175
161
187
216
202
223
305
313
361
416
427
477
508
632
653
698
698
751
753
749
745
762
836
877
769
820
756
754
760
682
706
700
652
642
661
681
677
642
636
723
766
649
669
598
581
608
522
550
507
435
469
375
414
368
356
314
304
270
259
234
235
227
189
181
163
140
120
117
102
90
72
73
80
63
63
45
57
54
46
45
52
65
65
71
105
118
138
117
166
235
288
345
414
529
555
645
763
756
783
727
659
617
687
595
478
549
500
531
497
548
522
517
523
552
592
551
580
637
614
628
697
665
652
706
721
817
825
815
835
958
964
1052
1074
1129
1068
1031
989
937
847
822
850
823
725
654
565
565
505
439
355
401
359
326
298
290
279
244
233
227
222
174
166
165
104
85
91
81
93
75
70
72
55
51
50
60
66
44
67
78
105
89
103
146
161
135
169
233
316
336
407
488
585
688
694
730
748
779
687
720
744
654
613
521
621
553
528
535
525
565
569
576
601
595
621
660
648
621
605
690
672
754
727
813
857
840
947
929
949
1003
1102
1141
1046
1033
739
407
360
649
664
687
662
757
609
611
524
491
417
386
350
352
324
314
286
266
263
247
237
225
264
204
159
116
111
94
110
95
70
88
78
81
61
72
65
61
58
75
81
86
102
129
160
152
146
216
305
336
408
482
594
700
678
702
783
774
704
762
775
679
599
552
609
568
554
570
558
555
593
590
566
580
590
629
683
595
685
688
685
729
768
821
872
930
931
1019
943
1058
1072
1072
1091
1045
947
849
913
864
838
931
854
776
662
681
554
465
457
397
346
347
350
345
319
291
286
263
215
201
186
162
134
109
113
103
85
111
83
81
89
74
49
57
62
74
72
64
74
100
143
131
161
147
170
230
305
330
389
491
599
664
707
787
742
720
689
771
748
689
640
613
631
586
530
593
541
524
550
596
596
580
576
492
558
560
555
618
865
650
705
779
869
862
895
918
880
970
1003
1002
1060
1032
901
878
845
750
815
829
637
616
606
645
560
515
468
456
383
387
396
304
326
314
322
286
257
211
194
177
176
141
120
128
117
96
85
84
82
77
62
71
93
69
74
82
89
105
117
142
130
141
174
202
298
344
410
486
583
648
650
753
764
709
722
731
737
643
649
653
661
767
667
613
599
611
627
650
685
658
680
728
697
729
716
717
837
867
801
873
872
995
983
967
1045
994
1068
1073
1029
1030
995
950
938
899
869
860
757
743
708
651
580
538
483
489
432
371
300
291
262
281
257
290
270
240
212
304
190
208
181
169
152
124
149
101
109
103
83
82
81
86
86
81
79
88
93
93
98
113
112
92
141
149
207
259
301
301
354
353
356
363
373
468
540
552
576
608
656
687
717
784
769
779
745
744
851
807
896
874
904
871
912
894
857
828
783
841
794
798
746
783
792
779
831
814
756
717
767
694
796
748
766
728
607
573
513
544
453
454
492
464
452
345
406
361
325
314
260
320
292
320
296
273
271
260
217
206
182
154
158
119
89
79
69
69
50
61
60
71
50
42
54
65
76
57
63
74
83
74
106
119
143
183
200
251
214
198
218
311
356
423
374
453
453
485
578
651
760
808
736
840
818
848
807
851
857
830
831
822
778
747
823
741
736
756
687
658
686
639
664
692
665
650
618
624
624
589
546
548
565
556
533
534
539
499
408
459
430
387
353
331
259
230
229
234
227
202
145
161
136
112
106
92
82
62
69
72
63
66
52
42
49
47
53
79
68
68
91
108
128
137
174
227
316
379
415
531
597
674
769
785
741
770
722
762
734
666
583
592
577
562
511
552
571
521
521
592
564
607
604
598
641
661
639
622
706
666
699
784
812
873
903
876
1023
1023
1071
1065
1025
1076
889
563
586
899
974
797
787
737
713
572
535
434
400
410
381
360
310
320
302
255
251
277
191
155
173
135
126
108
126
100
95
79
81
79
66
62
56
59
64
51
72
86
88
98
92
137
149
150
169
221
302
382
419
556
594
672
715
742
759
798
681
751
729
643
552
615
551
552
580
534
567
575
522
576
524
634
588
602
602
622
626
676
704
701
831
823
824
949
864
948
988
1015
1089
1134
1090
1013
1025
927
706
882
723
769
788
706
729
682
557
493
452
412
386
386
327
357
335
310
293
247
236
228
187
171
107
120
125
114
100
91
76
81
78
56
56
56
64
58
60
70
75
88
86
134
142
142
157
199
277
329
439
514
625
669
765
797
743
700
665
721
745
691
582
605
599
571
607
508
601
552
560
573
621
557
601
631
608
586
675
677
689
728
746
794
848
876
868
959
1000
1060
1024
1012
1027
870
730
691
793
465
749
733
669
693
706
648
613
559
474
443
398
368
374
387
331
306
272
278
245
175
193
181
155
129
122
86
86
83
71
68
74
61
53
58
56
62
66
78
76
90
98
125
134
135
167
205
273
363
401
552
577
673
652
702
532
296
714
628
714
669
584
572
594
507
533
515
570
566
547
579
600
592
592
628
653
638
667
710
705
684
777
806
847
894
908
881
990
982
990
1054
1018
971
895
860
776
692
771
785
710
690
644
769
714
607
525
469
421
355
392
351
380
345
295
277
260
293
265
203
160
155
157
119
120
117
86
78
71
68
66
70
70
82
67
78
73
93
109
99
144
145
180
212
274
327
411
530
570
651
687
726
717
727
665
701
731
660
588
628
613
621
608
644
651
622
602
697
641
674
699
699
693
697
718
791
862
782
837
875
892
928
924
747
1034
1083
1036
1093
999
928
889
717
632
519
382
909
840
740
726
655
540
507
473
498
494
408
399
361
339
332
285
313
290
331
423
374
337
255
171
154
146
139
114
100
88
89
76
83
87
74
59
70
66
90
80
75
100
100
87
105
149
160
210
239
264
291
312
345
366
441
386
478
487
553
534
602
632
687
662
710
756
737
734
853
856
872
913
881
847
860
868
864
879
859
862
808
797
760
823
786
757
769
773
830
799
806
720
842
947
951
811
690
708
606
559
543
519
462
409
467
434
382
371
367
376
361
323
276
318
348
417
447
358
341
252
227
196
185
146
110
95
71
58
68
62
60
59
68
42
46
55
60
73
54
62
80
90
100
121
130
128
173
169
144
218
212
225
257
366
377
388
451
511
540
573
586
764
772
781
793
886
884
794
796
945
841
832
901
851
788
771
756
781
734
721
708
693
675
699
690
648
598
678
657
637
657
615
585
574
577
552
509
486
438
436
481
402
373
351
345
307
275
267
242
205
171
174
147
129
106
109
101
78
71
69
45
54
55
57
50
46
38
68
69
54
85
97
116
122
130
168
214
286
379
428
537
581
682
683
722
720
729
657
761
721
656
595
605
609
522
555
527
580
568
538
570
567
598
585
625
626
565
622
659
674
673
737
752
849
818
838
918
935
1028
1035
1034
976
969
965
930
856
793
746
799
794
671
695
601
536
498
444
412
373
330
326
311
304
249
272
228
198
177
163
140
117
104
97
81
91
47
57
70
49
64
48
55
65
65
65
75
58
77
95
142
137
131
154
208
310
350
423
514
629
681
663
662
709
728
683
749
702
678
646
616
561
521
519
554
577
516
541
500
547
563
596
579
581
682
663
655
682
665
692
704
765
859
885
872
988
1043
1020
810
902
892
863
825
695
449
588
788
675
875
697
693
708
624
497
440
369
410
371
365
309
298
283
322
334
239
209
193
152
121
120
97
105
86
81
59
56
60
58
72
45
66
52
78
67
77
96
128
147
130
135
239
270
305
398
515
621
634
674
718
740
751
693
757
765
652
655
611
592
533
530
530
552
573
538
523
391
473
401
468
498
883
695
661
645
687
763
785
878
832
886
933
1007
999
1026
1036
988
872
1043
949
900
838
846
861
843
828
759
682
574
535
453
436
392
348
371
363
340
313
266
288
242
210
189
181
112
124
106
106
93
80
77
82
72
63
51
54
48
58
57
75
86
97
104
134
131
116
183
213
282
344
422
521
617
633
675
797
760
784
678
736
750
646
626
615
580
550
543
583
557
557
553
540
585
587
639
589
586
634
694
633
689
740
759
779
846
901
810
727
775
990
1069
1058
1011
1030
1009
998
934
859
804
795
799
828
749
714
657
517
495
435
374
362
372
357
361
297
312
252
246
230
226
233
191
157
144
127
110
107
77
81
63
93
66
65
71
64
67
75
96
83
111
126
141
133
166
239
289
355
402
482
573
683
683
720
689
707
672
696
749
661
597
610
634
622
567
602
592
568
639
657
660
683
693
736
748
732
772
773
767
786
787
867
849
904
926
950
946
1059
1090
1068
990
1051
958
1016
915
925
870
868
880
857
876
730
616
639
496
484
441
384
388
389
393
350
311
318
324
354
321
291
264
213
195
168
186
151
152
126
121
129
111
109
70
91
68
81
82
96
93
74
88
94
99
133
148
154
209
233
291
284
307
382
407
404
414
469
466
523
599
608
643
660
676
722
716
800
750
833
634
686
846
965
871
854
872
858
852
845
797
720
734
674
740
725
693
698
652
874
767
681
743
756
742
744
648
674
551
663
562
553
481
469
446
441
491
441
386
397
371
366
324
295
332
446
479
474
438
470
331
209
192
209
187
124
122
85
70
81
68
53
48
69
52
54
49
61
86
61
74
83
95
81
112
145
165
149
203
194
221
211
228
245
365
390
409
434
481
523
545
634
743
757
728
752
735
807
851
900
820
855
804
771
716
696
765
654
756
717
644
625
601
661
664
655
596
581
581
604
615
550
594
578
574
596
556
530
467
429
405
417
367
388
395
399
309
259
276
218
222
195
168
149
169
133
134
140
109
86
69
64
73
59
53
47
60
41
56
63
66
86
74
119
131
130
186
239
283
344
455
513
621
684
728
717
800
804
707
749
766
643
587
638
615
578
591
557
527
530
559
556
585
602
595
620
633
641
620
681
646
698
702
796
788
822
867
930
944
992
1048
1077
1016
783
468
441
826
910
814
733
705
707
660
681
604
459
425
439
355
375
332
390
451
477
331
362
231
173
171
155
149
91
96
94
104
79
72
57
72
61
51
62
51
56
81
54
62
81
90
142
165
118
156
199
276
354
412
523
634
654
669
775
786
756
701
680
746
677
591
606
592
563
529
504
493
518
505
540
533
569
581
614
610
608
581
614
628
624
692
707
704
710
564
409
451
494
685
653
698
645
708
782
877
849
701
852
894
826
749
707
649
587
570
468
466
426
376
366
447
436
343
375
332
290
222
183
161
126
112
98
83
82
81
72
69
53
58
51
57
59
74
71
99
81