79
159
298
303
370
398
406
365
348
358
300
239
196
171
169
164
142
143
135
144
130
133
150
123
135
155
153
154
161
138
171
166
150
123
158
143
185
238
271
315
329
368
457
441
495
568
652
619
678
626
705
677
657
628
683
605
591
572
613
573
538
556
568
499
532
512
539
455
487
556
692
568
401
533
549
450
417
374
379
337
336
324
314
302
246
298
222
237
205
221
191
189
178
156
129
113
120
94
85
81
52
51
44
43
46
61
42
43
35
47
52
58
73
80
94
73
106
185
207
234
286
338
421
432
542
571
646
471
482
523
522
475
525
563
511
584
576
589
634
650
668
709
750
698
702
735
730
748
678
720
719
714
732
771
794
764
814
858
922
867
893
994
915
939
950
885
843
777
730
667
635
621
556
501
440
374
391
348
313
316
276
281
277
222
303
394
376
334
260
187
156
135
126
111
76
82
86
75
50
53
60
47
72
59
64
78
83
90
76
92
143
125
145
194
244
285
313
400
477
548
596
589
669
712
594
689
641
570
480
572
600
568
634
580
635
670
683
700
695
732
730
709
696
703
685
757
703
757
782
828
860
861
920
946
991
957
992
1060
982
955
966
1016
950
865
760
766
672
661
592
588
514
413
388
354
327
317
316
267
279
237
257
235
204
191
200
185
154
138
106
122
95
76
77
77
70
65
62
66
51
