103.18
104.79
106.27
102.5
100.19
101.11
102.12
100.01
103.22
102.26
100.16
102.85
104.38
104.58
102.17
103.85
101.07
101.03
102.64
102.8
106.99
104.42
101.88
101.8
104.61
101.83
103.51
100.31
105.71
101.24
103.08
107.24
105
106.97
104.2
103.37
102.83
103.09
103.43
104.54
101.71
102.9
103.64
101.8
102.41
102.38
100.85
101.13
101.42
101.21
101.55
101.23
101.99
103.35
101.58
103.57
100.88
102.45
101.88
100.4
103.82
103.24
101.59
102.93
100.05
99.86
97.95
99.75
97.98
101.41
100.43
100.07
102.85
99.12
101.29
100.98
101.91
102.29
100.45
101.48
103.95
103.73
104.45
102.53
101.94
101.69
102.98
103.25
104.92
103.94
102.81
104.03
104.38
103.67
104.32
104.84
101.43
104.81
106.83
100.66
105.23
101.57
100.69
97.31
107.39
100.61
100.01
100.21
101.19
99.99
103.46
100.55
98
98.76
102.67
102.37
101.36
102.97
102.79
103.91
102.83
102.68
104.71
102.79
102.02
100.53
101.46
104.72
104.04
103.71
103.91
104.59
100.61
98.93
99.39
100.03
99.44
101.34
99.69
98.46
99.55
97.66
99.82
99.17
99.87
98.67
98.53
101.06
99.57
98.65
101.14
100.48
100.25
100.16
100.49
101.78
101.03
97.57
97.69
98.4
98.08
93.5
94.56
93.82
92.06
92.71
96.39
96.71
97.68
99.79
99.68
99.31
101.35
102.42
102.41
103.54
101.46
102.45
103.42
104.34
103.17
103.66
102.43
105.58
105.74
106.53
107.06
105.96
105.58
106.7
105.24
102.69
100.49
105.98
100.69
100.24
102.56
102.13
100.52
100.24
99.7
98.22
101.08
101.88
103.35
101.97
102.68
100.42
101.63
103.58
102.36
100.26
102.6
100.99
102.37
104.12
101.99
102.38
103.32
101.27
101.3
100.21
100.07
101.36
102.04
101.62
102.03
103.13
103.28
101.63
100.63
101.22
99.4
99.22
99.81
100.91
98.91
98.74
100.11
99.17
98.91
100.41
98.37
99.52
99.68
98.04
101.49
100.83
99.28
97.08
98.4
97.6
96.13
96.62
96.13
97.38
94.16
91.4
88.86
92.25
90.35
90.66
90.12
94.27
97.69
98.15
99.13
99.87
101.55
100.32
101.57
103.21
103.28
103.23
103.3
101.21
102.08
103.41
105.68
103.83
106.48
104.05
104.83
104.91
103.01
102.08
103.24
102.52
100.78
102.53
100.04
101.59
102.52
101.14
102.74
104.49
104.03
103.92
102.68
