3
35
28
39
38
12
8
17
25
10
6
7
7
7
4
6
3
7
3
2
6
3
16
22
7
10
14
16
16
16
26
15
9
13
17
17
32
72
53
51
52
59
70
55
62
86
106
90
88
117
82
83
94
129
156
95
127
89
111
119
114
124
104
118
143
105
67
115
64
88
92
57
121
32
64
38
34
62
81
34
25
27
38
79
29
48
35
11
24
13
56
21
9
37
12
14
7
33
12
5
4
62
11
13
2
10
2
6
1
45
13
6
30
11
15
9
24
66
19
22
30
42
68
75
81
98
115
81
80
76
77
77
84
123
92
101
106
153
111
89
114
146
173
116
119
122
172
115
102
143
191
175
103
107
113
171
96
109
192
82
164
141
94
68
62
75
46
58
59
31
42
68
54
132
105
34
39
31
90
31
69
28
121
42
17
25
30
9
50
66
18
13
50
49
6
7
5
94
11
23
6
18
12
1
1
30
59
4
37
11
13
14
30
81
34
28
36
40
76
96
61
121
151
99
110
87
103
90
125
108
94
73
123
95
144
111
90
114
140
137
91
97
141
88
95
128
96
141
148
135
139
109
133
100
138
125
173
170
121
94
174
142
148
105
75
111
102
57
74
108
152
47
39
26
62
48
43
26
133
34
25
23
48
50
15
23
30
14
13
12
8
1
5
11
19
6
8
6
7
7
4
4
6
10
5
9
11
11
28
87
58
19
29
45
60
95
76
120
139
132
98
125
81
86
142
112
118
88
113
97
125
89
91
105
200
101
116
107
100
120
77
160
178
145
107
112
101
140
152
166
112
100
136
170
116
115
183
146
99
66
117
84
90
52
68
164
88
50
31
30
29
41
38
43
36
41
17
20
36
11
23
28
28
9
20
17
17
13
7
6
35
20
18
6
22
3
5
91
20
3
21
34
7
3
68
76
64
17
18
16
20
105
79
32
168
102
47
54
104
60
113
100
175
106
120
99
131
109
75
80
152
221
157
114
139
150
116
152
207
193
166
87
163
138
140
116
175
145
86
157
186
82
107
136
132
65
118
93
110
100
37
155
151
114
37
30
24
30
35
24
63
43
36
22
24
41
43
42
28
21
92
27
73
14
9
24
106
37
65
5
84
11
3
1
91
7
24
44
4
2
13
94
98
7
11
16
18
31
144
20
148
94
33
32
135
66
72
185
136
71
76
168
151
79
64
101
222
202
168
92
136
183
108
156
269
180
177
110
73
143
253
108
209
99
120
171
139
68
118
202
54
99
113
49
161
66
31
83
161
113
34
28
32
108
128
68
177
41
27
9
75
17
44
112
91
13
61
63
30
7
4
105
21
34
51
36
15
2
2
41
22
42
10
13
15
22
66
48
145
45
39
52
81
113
102
108
185
114
107
131
119
113
77
92
99
67
112
91
89
90
79
102
164
155
99
146
86
73
94
135
173
79
87
76
140
94
85
161
102
99
122
148
93
123
101
107
145
127
88
92
70
66
47
92
36
31
79
32
59
42
75
45
21
20
16
23
38
46
9
38
13
10
37
4
2
51
9
29
26
35
3
4
34
3
1
18
27
5
6
27
9
17
16
77
81
26
46
48
49
81
71
140
154
125
102
112
158
89
101
92
100
59
95
86
118
77
95
129
134
115
91
110
67
96
69
141
82
139
115
85
122
98
84
125
132
108
126
168
133
135
117
105
152
99
127
126
57
39
72
92
105
76
46
37
24
65
36
85
26
30
29
28
31
44
28
6
42
22
8
15
35
4
4
7
47
8
17
3
32
6
2
20
5
34
9
9
23
19
18
58
102
60
37
49
87
71
122
106
172
153
102
102
134
135
99
88
117
93
102
112
79
87
127
107
159
109
135
125
91
87
92
114
163
144
97
90
132
154
136
106
115
131
107
136
121
147
121
134
134
91
91
111
89
72
85
72
95
61
38
77
30
57
50
81
61
22
29
24
42
36
41
16
45
22
16
8
15
31
7
17
26
11
2
18
3
2
1
8
13
14
5
9
25
15
40
38
137
46
42
43
102
75
116
95
184
153
96
106
142
130
85
91
114
88
99
117
102
116
68
120
165
134
101
130
100
75
108
132
170
113
121
105
99
131
101
127
117
100
171
167
110
149
100
112
135
101
149
80
73
84
69
92
90
40
81
47
39
56
65
54
27
14
23
43
41
26
12
36
5
2
18
30
8
5
20
24
16
17
8
20
4
3
6
5
24
4
9
10
19
16
40
23
108
38
41
54
90
129
98
111
182
100
94
119
137
115
101
98
89
92
93
73
87
113
92
130
157
93
82
130
102
74
129
174
125
83
82
107
81
159
121
115
109
119
138
125
95
157
94
114
128
101
101
92
56
77
71
83
76
39
40
35
59
39
28
51
25
27
27
43
77
29
31
57
16
16
23
53
16
12
7
47
47
48
15
18
58
6
4
20
44
18
10
24
14
12
57
77
103
27
25
27
97
68
51
63
108
123
54
69
151
89
90
87
115
145
170
132
202
117
138
188
206
197
155
156
128
122
87
178
216
172
141
112
141
161
140
198
132
117
206
177
117
171
100
144
149
137
124
95
60
69
119
185
170
49
32
38
108
51
31
48
74
26
39
22
63
50
25
94
19
16
103
79
33
17
8
8
9
3
14
25
41
13
8
10
12
8
9
6
5
6
14
19
65
53
22
23
23
39
122
114
93
149
46
63
145
60
57
77
117
87
72
79
99
176
128
149
211
192
161
164
115
110
115
204
217
209
135
149
145
144
128
209
149
114
196
125
173
183
107
99
171
149
113
117
70
103
80
83
197
89
43
40
78
27
83
47
23
21
15
31
43
54
18
72
11
12
40
50
6
7
3
31
16
40
8
29
28
7
7
42
22
28
14
18
22
29
27
41
132
54
46
58
87
79
114
94
171
133
115
100
140
107
97
100
89
92
84
76
51
120
80
92
154
118
83
122
100
97
78
138
115
102
91
106
130
93
82
122
113
108
145
130
119
138
129
149
126
92
85
134
104
62
63
67
59
107
48
31
48
27
42
106
55
50
43
35
64
35
23
51
19
16
9
39
21
13
9
42
10
24
9
22
15
4
6
28
19
11
5
32
7
19
31
28
120
38
43
39
80
94
108
105
174
132
100
100
138
130
105
85
108
74
124
110
91
95
93
89
156
140
105
125
101
102
94
103
158
102
102
100
140
120
93
147
108
106
155
125
140
123
120
122
142
80
98
129
64
67
82
63
63
108
74
36
58
49
100
104
56
50
58
37
53
32
17
46
27
16
27
16
25
17
7
26
37
24
9
20
5
12
5
24
11
30
12
27
16
18
28
34
27
78
85
46
90
67
129
117
138
149
85
94
97
113
162
129
130
91
90
107
63
108
146
108
175
180
147
137
107
95
82
74
143
166
89
95
83
133
79
117
93
157
111
150
150
103
110
136
143
86
76
98
54
51
102
54
117
60
25
38
31
57
81
133
62
70
91
39
44
59
34
35
41
22
29
42
21
9
9
22
25
39
20
5
24
9
3
9
28
11
8
39
28
10
24
53
77
43
30
70
54
112
129
135
156
102
95
96
114
90
102
109
74
101
127
82
83
105
78
90
125
145
128
135
84
85
86
141
156
88
124
72
115
119
96
99
149
104
150
132
136
113
120
156
140
99
83
129
76
76
58
53
90
95
46
29
34
62
115
91
42
50
97
46
38
43
59
15
54
22
15
16
11
7
10
35
22
14
7
14
13
6
10
24
8
19
16
24
12
9
32
59
73
32
33
65
91
68
123
108
182
101
90
76
147
111
90
79
91
108
114
97
124
88
64
136
168
105
107
141
106
98
121
133
184
103
97
133
133
129
128
127
119
93
154
124
134
131
123
130
123
119
126
63
62
65
65
96
72
77
42
40
67
29
41
44
28
24
26
33
72
23
34
36
12
9
25
46
13
9
24
22
8
24
8
15
11
4
8
20
27
4
6
16
4
9
14
25
96
33
21
48
35
31
50
59
96
42
40
61
109
66
57
91
116
91
100
152
102
117
116
128
184
170
162
115
109
117
117
159
186
139
125
133
170
143
117
129
134
84
92
134
140
89
67
96
95
86
63
75
53
42
68
103
49
44
57
56
22
25
57
66
48
41
34
29
62
37
26
35
21
12
48
31
45
6
10
8
7
2
8
32
6
4
3
5
4
8
3
4
3
5
8
21
54
13
8
12
18
27
80
42
128
36
19
37
75
80
54
93
68
63
77
67
76
133
105
139
131
164
113
151
115
93
83
135
193
126
102
104
135
107
168
114
106
86
173
131
147
102
89
114
91
94
127
58
45
72
89
107
66
31
32
25
47
20
38
30
15
15
9
17
27
17
10
20
11
9
8
7
9
4
5
11
5
14
5
5
8
0
4
11
15
3
6
13
17
19
33
22
61
74
34
51
74
76
116
101
176
153
104
93
145
142
96
113
111
69
89
100
92
90
77
93
138
103
93
117
84
104
72
111
155
96
101
95
136
108
127
113
114
115
143
134
133
103
113
140
136
112
68
118
82
79
60
97
84
44
39
45
71
27
64
34
29
27
25
38
18
62
26
31
16
11
37
8
42
10
5
47
36
26
6
34
9
7
4
21
13
33
5
21
19
15
19
42
26
31
90
90
84
75
104
96
150
138
95
111
129
137
93
87
100
102
112
106
82
92
103
85
117
134
105
112
150
84
85
84
165
128
100
106
129
137
105
146
113
110
147
125
136
153
151
122
99
97
151
127
65
49
96
88
71
81
51
34
56
58
42
67
24
21
36
18
27
35
14
17
23
16
11
7
3
9
13
15
4
6
14
12
2
6
3
5
12
5
12
5
17
13
17
36
56
40
29
51
92
84
126
107
116
126
94
85
103
148
86
78
104
107
113
107
57
100
76
79
120
88
113
115
90
78
80
69
138
81
107
108
107
94
76
85
113
139
99
138
122
147
123
99
101
69
122
89
72
54
74
83
36
69
40
26
78
72
52
66
58
24
28
17
20
56
35
47
42
11
23
31
8
5
1
17
52
25
41
5
23
12
2
10
23
32
7
30
16
10
40
16
34
69
30
39
46
77
87
116
127
91
115
96
103
114
77
89
100
66
76
83
69
81
69
61
98
104
97
118
67
61
81
98
112
107
97
115
95
138
122
98
90
119
133
150
141
114
131
117
137
93
123
102
48
89
62
87
93
83
36
25
30
43
77
69
34
44
24
30
44
47
23
32
15
13
15
12
30
6
5
4
18
13
12
13
17
7
3
14
5
34
12
24
15
13
29
76
24
67
44
47
56
88
124
107
175
151
93
97
141
109
81
74
124
80
116
114
110
90
91
76
130
133
120
125
122
68
103
107
181
129
107
131
105
119
109
109
156
120
113
131
113
143
112
99
105
114
99
85
65
75
61
73
64
86
56
36
31
50
58
47
33
23
35
38
114
31
19
80
26
23
45
74
13
17
14
42
57
37
12
58
7
7
2
25
66
8
8
44
15
8
40
83
77
92
26
30
60
80
104
58
108
134
78
78
144
143
84
126
123
108
173
124
145
136
134
166
160
162
158
155
173
121
115
157
197
147
150
174
120
143
149
94
126
190
174
200
185
164
173
108
132
147
82
74
60
125
94
91
107
98
68
54
40
77
67
38
45
75
88
69
35
33
22
72
40
22
31
27
71
40
92
14
10
10
4
4
60
19
6
11
12
5
6
4
1
7
7
42
60
11
18
22
16
28
89
79
68
68
38
37
96
74
60
67
124
78
89
100
74
171
100
89
195
140
164
134
160
116
84
116
161
137
101
111
97
111
132
131
124
108
129
142
123
115
116
76
123
108
120
116
64
55
56
70
76
80
88
46
35
52
49
61
26
22
14
26
40
21
13
14
45
9
7
58
6
7
10
21
15
23
29
38
13
6
5
37
37
20
15
14
14
30
44
38
80
40
27
51
67
114
92
174
165
117
100
115
118
109
101
95
92
107
92
98
79
104
86
70
110
118
91
138
77
86
65
118
126
131
100
124
103
122
111
126
116
138
139
109
157
152
111
119
95
81
114
124
62
90
49
70
86
70
62
37
35
54
62
42
25
22
23
29
43
12
13
27
8
10
27
37
4
11
4
17
18
11
5
28
6
1
3
13
10
18
6
19
11
19
29
23
64
67
36
43
90
74
127
135
147
128
101
119
155
153
87
90
110
78
106
112
94
88
69
95
122
134
121
131
84
89
90
152
141
88
101
96
74
141
125
98
118
101
133
116
138
141
102
126
117
58
119
134
75
81
49
41
55
52
36
37
47
51
33
47
40
20
27
19
30
26
10
19
13
7
6
21
13
8
8
10
6
9
17
7
11
3
6
7
9
8