98.63
96.51
98.85
103.01
102.87
102.97
97.98
109.65
94.59
102.13
100.71
105.61
105.94
103.73
99.85
107.82
93.46
98.65
99.28
105.48
104.21
102.59
94.7
92.52
103.72
103.5
105.45
100.23
102.25
105.03
102.39
107.2
103.37
102.98
107.21
106.72
106.65
102.07
99.61
102.32
98.64
103.63
100.45
103.83
103.04
100.23
100.85
103.64
104.14
102.56
105.59
105.64
104.18
104.36
103.34
102.93
103.88
104.48
102.84
104.91
102.12
100.29
103.14
99.02
95.99
99.47
101.19
98.78
103.18
99.87
99.04
103.59
103.77
101.81
102.59
105.2
105.57
102.99
101.54
104.74
97.13
110.12
110.59
97.6
97.8
104.12
102.04
102.02
100.59
103.46
100.47
95.11
91.98
100.63
96.39
102.59
106.8
95.82
92.04
97.44
106.44
97.24
89.02
92.49
76.83
104.27
73.74
107.63
69
96.58
82.4
103.36
94.78
94.45
101.07
117.78
96.74
100.92
106.5
99.35
105.18
106.26
103.04
100.92
100.86
101.12
104.27
102.75
109.23
106.79
105.53
106.23
105.08
101.23
103.65
102.17
99.49
100.51
99.75
103.91
102.54
101.17
100.47
97.96
104.12
103.08
102.6
103.05
100.13
104.61
103.48
104.31
106.58
104.47
101.87
102.77
101.63
105.39
103.93
103.84
99.39
98.26
97.43
99.16
102.4
105.5
103.52
103.22
101.06
100
99.93
105.48
98.12
100.95
101.17
103.05
107
104.26
103.39
103.04
99.49
103.76
100.36
97.87
108.29
101.07
92.43
100.02
96.98
99.02
104.43
105.34
97.87
94.05
91.29
95.19
89.6
99.58
94.13
89.38
87.41
95.67
83.95
101
105
90.43
93.42
96.52
96.78
102.08
99.9
98.86
97.42
97.26
100.14
103.38
104.46
104.89
97.76
99.4
104.21
100.44
99.27
100.37
106.06
106.62
104.86
102.4
101.21
99.71
99.77
102.27
100.27
99.01
97.85
100.34
103.66
104.66
100.28
95.81
103.78
104.23
98.61
99.77
102.93
101.61
103.47
99.81
98.67
101.69
99.54
99.57
101.95
101.37
99.72
104.92
101.57
97.66
101.48
101.99
100.99
99.51
98.62
97.26
100.57
96.5
95.57
104.45
101.79
95.11
96.42
99.49
102.08
100.07
99.89
95.39
95.54
101.01
96.79
100.16
99.83
108.37
101.25
98.32
97.87
100.24
100.13
100.56
97.51
93.87
95.06
109
91.1
92.81
93.09
93.67
93.78
85.92
94.69
87.54
83.38
100.26
97.32
90.94
110.53
107.89
108.93
99.55
94.94
94.23
93.65
105.92
109.04
103.57
103.79
95.95
103.13
101.93
101.24
99.99
104.57
105.95
104.12
100.68
97.28
100.82
98.59
98.74
98.33
97.65
98.43
103.05
102.76
102.84
98.05
49.96
17.63
103.33
103.81
99.92
103.53
99.68
101.15
100.25
102.16
103.6
105.74
102.35
101.29
101.83
102.15
106.43
102.08
97.61
103.28
99.42
96.45
99.9
99.93
100.47
99.99
98.85
96.17
104.9
97.34
97.93
102.03
101.04
104.84
98.44
92.4
103.09
97.33
98.22
98.19
107.97
101.08
103.01
103.43
106.51
97.69
105.25
103.6
96.91
98.29
100.89
97.09
105.92
105.01
88.04
94.33
105.76
97.17
90.22
99.67
89.26
109.83
92.34
90.97
93.44
91.52
89.02
97.41
101.65
94.22
94.85
91.65
99.63
106.84
105.84
100.3
93.32
97.72
99.01
98.49
100.12
107.77
106.1
101.51
105.07
99.17
100.48
103.89
104.86
103.19
102.93
101.47
102.66
103.63
103
101.44
102.76
101.3
106.45
102.68
100.62
104.28
103.74
100.77
101.94
101.96
105.55
105.91
102.18
104.58
100.04
103.79
105.84
102.31
100.64
95.41
100.93
102.37
99.38
98.27
101.88
101.06
100.97
101.86
100.98
98.88
97.51
95.1
98.48
105.22
102.98
107.6
95.16
99.17
102.42
102.46
97.29
103.14
99.77
103.03
99.11
102.02
98.74
101.63
103.95
97.53
94.74
95.68
97.94
107.21
89.85
95.61
93.04
98.92
78.77
95.72
92.69
92.5
109
96.11
79.36
96.53
86.32
88.18
97.92
99.87
97.5
93.78
100.32
107.98
105.5
102.01
105.97
98.03
109.15
99.31
97.47
100.98
106.81
103.28
103.08
102.72
100.15
103.91
108.83
105.15
101.54
102.96
102.98
103.62
107.17
101.08
101.02
100.92
106.02
105.86
103.31
108.11
102.43
99.68
101.38
101.78
103.51
106.67
103.56
100.78
103.23
100.59
102.08
101.17
95.28
99.18
101.89
97.64
96.59
102.21
98.89
101.79
105.98
98.34
98.09
98.1
94.2
98.77
95.84
96.47
95.11
107.61
98.13
93.23
98.73
98.03
92.97
107.34
108.75
94.5
100.15
93.19
93.2
97.77
105.12
94.2
98.11
93.2
95.42
88.81
99.08
95.93
95.96
93.08
92.42
93.37
98.93
108.43
91.83
95.08
81.93
107.59
103.57
105.36
106.74
98.54
100.55
94.78
96.96
103.65
105.02
94.56
100.44
102.82
102.93
100.28
100.91
104.56
103.38
101.14
102.83
104.49
102.68
99.41
100.72
99.79
98.2
99.05
97.68
103.65
100.08
95.62
97.41
101.02
98.53
102.01
100.69
103.35
100.25
99.75
102.58
100.06
104.88
102.62
100.25
102.17
100.97
101.26
100.74
99.72
97.74
98.2
98.69
100.57
98.18
98.48
99.57
101.89
98.27
100.3
99.6
105.23
98.72
101.61
105.34
94.1
95.63
96.55
95.52
94.73
101.05
70.83
103.08
102.56
100.77
88.38
93.17
112.17
95.1
83.86
97.88
89.63
96.69
97.11
93.96
86.77
83.93
90.02
95.23
88.94
94.35
89.58
91.68
108
95.29
84.06
91.71
53.41
92.35
109.67
103.37
104.1
88.12
91.54
105.38
106.43
102.11
106.36
102.66
104.62
99.05
98.07
104.14
105.2
106.29
100.17
104.45
105.12
101.12
103.7
101.81
102.19
102.23
97.49
99.51
101.68
98.57
96.86
99.42
102.97
98.34
99.32
105.83
104.23
99.29
103.13
99.61
103.21
102.26
103.6
104.19
102.85
103.09
100.98
106.71
102.53
98.29
96.19
95.62
103.52
103.14
99.55
101.03
101.69
94.29
101.78
105.5
93.56
94.57
92.94
93.2
98.41
102.61
100.91
93.67
98.64
92.11
99.85
102.61
109.92
103.08
99.85
95.87
87.11
97.79
93.08
86.42
91.03
92.84
87.19
97.38
114.38
89.22
86.04
89.29
91.96
85.59
86.27
94.14
113.68
87.1
100.2
92.27
98.09
96.16
91.63
98.1
108.8
90.91
90.12
93.8
99.26
104.53
97.12
103.08
96.01
104.09
98.72
99.88
107.38
107.4
99.25
102.69
102.16
103.04
97.3
98.69
98.91
99.91
102.63
100.48
100.49
98.04
95.96
101.35
98.57
96.9
102.48
106.51
104.41
101.51
95.95
95.83
104.84
99.41
93.62
97.12
95.87
105
101.67
100.66
100.96
97.88
94.59
99.48
100.43
101.93
98.56
103.39
104.28
96.67
92.69
101.83
95.32
98.2
92.73
103.72
97.95
90.83
106.38
97.32
99.31
90.72
92.63
107.42
103.67
93.31
93.58
89.23
90.98
86.71
90.77
90.29
87.37
93.1
99.31
90.52
93.63
93.09
85.87
90.29
102.38
88.68
77.52
120.93
89
86.82
91.67
90.62
87.87
95.46
92.54
99.36
90.53
92.3
90.59
98.95
105.16
104.49
93.93
100.77
98.07
102.12
97.7
98.72
107.27
104.88
98.94
96.84
101.92
103.12
97.09
102.83
96.39
99.17
101.04
97.57
101.96
97.9
93.76
96.59
102.05
98.5
104.29
101.85
95.33
98.67
98.12
99.33
98.99
99.38
103.1
97.4
103.62
98.5
97.04
103.42
96.38
98.36
97.45
100.15
102.54
103.42
94.44
102.59
94.47
98.65
101.16
96.36
100.1
94.9
90.66
100.15
97.05
99.49
94.43
94.85
89.5
93.19
96.99
98.05
105.51
96.6
99.07
95.66
107.31
88.01
97.66
86.47
92.27
94.84
81.99
106
97.2
92.58
86.22
88.94
89.05
85.86
106.06
95.62
90.15
91.52
86.02
93.19
91.86
89.14
103.49
95.66
91.47
100.99
90.36
97.49
105.05
101.36
94.68
97.82
103.38
101.76
96.55
104.01
105.94
108.9
101.66
101.18
104.33
96.68
99.14
100.68
99.03
103.15
103.18
102.07
102.17
101.89
94.07
104.48
98.43
99.48
101.29
99.81
101.64
97.39
96.61
101.61
105.02
100.02
103.55
99.35
104.17
102.12
102.21
102.51
100.71
101.19
105.88
96.78
101.71
102.23
97.22
96.92
99.82
93.16
101.96
95.67
97.55
95.72
102.23
97.87
102.56
105.91
96.25
99.42
95.44
103.28
102.25
105.9
107.65
106.95
99.35
101.53
81.98
98.36
94.63
96.98
94.46
89.16
90.87
85.46
103.99
93.12
89.51
91.52
84.5
95.61
86.96
101.87
98.42
88
88.69
89.1
89.24
84.93
94.23
97.86
91.47
92.95
90.37
98.06
95.05
100.79
95.07
95.62
99
101.38
92.03
97.25
100.84
101.79
96.26
105.62
103.65
105.26
102.84
98.1
99.59
99.93
98.56
101.87
104.09
101.52
97.97
89.01
84.04
98.02
104.24
104.73
102.88
99.24
97.61
77.25
65.86
103.09
95.06
95.75
105.13
98.56
101.64
104.51
96.63
99.51
98.26
95.08
98.96
97.46
93.06
99.22
96.64
94.55
103.59
102.49
96.35
93.87
90.96
95.14
97.43
101.05
95.87
99.13
102.15
102.66
95.03
103
101.85
108.77
97.7
94.26
103.35
92.12
95.73
91.03
93.89
94.05
91.75
86.31
105.97
89.58
101.12
90.06
100.95
95.73
87.69
90.21
94.75
93.96
84.66
87.06
100.47
111.33
111.56
91.16
92.23
99.4
96.97
91.11
98.14
97.62
100.72
100.71
90.49
90.55
94.81
95.82
94.38
101.62
95.88
102.87
106.33
101.09
100.09
105.09
99.89
105.77
107.27
100.88
99.67
102.98
95.72
94.29
101.95
99.7
105.84
102.4
104.55
100.34
94.06
86.28
92.5
99.63
99.92
97.33
101.62
100.28
100.65
100.94
97.92
100.38
94.97
95.14
95.55
99.54
93.56
94.97
92.33
96.51
98.85
94.18
101.02
94.14
91.83
90.39
98.54
97.87
93.03
101.53
95.35
97.09
95.46
102.38
94.07
94.56
96.4
95.22
104.14
92.87
93.39
111.3
97.1
92.78
85.28
98.91
113.17
85.96
82.08
86.96
82.85
94.41
88.36
80.78
89.85
86.28
88.76
86.28
91.85
94.12
97.45
100.88
106.81
88.04
93.96
95.99
102.32
97.07
98.18
104.81
97.11
102.26
101.78
100.15
105.81
104.33
101.08
104.73
106.56
103.94
105.47
101.57
96.36
104.73
100.29
98.02
102.6
102.59
96.11
98.07
102
101.84
103.92
105.03
102.68
99.11
100.97
104.13
107.55
103.7
99.93
99.96
101.86
101.63
102.71
105.98
100.36
104.42
97.58
97.05
103.29
97.21
100.26
102.14
102.4
94.61
100.92
102.01
99.86
101.18
99.47
97.29
100.56
96.45
96.33
98.13
96.78
93.52
95.32
99.21
95.08
95.18
88.2
94.5
104.99
91.5
91.65
92.56
94.89
89.99
84.74
92.32
86.62
89.18
86.68
91.43
89.57
86.82
85.97
90.98
85.86
82.24
88.75
93.81
105.69
88.08
104.75
99.5
96.23
94.5
90.51
100.15
103.89
101.2
100.68
101.12
96.64
104.19
98.48
100.8
106.16
104.27
103.31
97.7
103.35
104.43
96.41
102.16
95.5
103.99
99.31
101.36
102.79
100.13
95.55
96
104.08
99.27
104.84
104.2
102.43
99.99
94.99
92.92
103.05
101.2
97.84
100.11
105.22
98.19
105.63
106.05
99.33
99.7
97.24
96.26
100.52
100.99
100.7
103.52
99.49
92.78
102.55
105.97
98.81
94.99
95.4
92.78
98.21
102.3
93.8
91.68
91.15
93.35
94.15
99.65
98.05
99.31
89.24
98.37
92.91
88.2
87.83
104.88
91.44
90.9
92.4
81.76
100.19
89.78
87.89
84.54
88.87
82.81
93.59
91.22
83.63
86.14
98.9
90.08
94.17
88.48
103.51
97.64
102.18
91.58
96.52
91.11
94.76
100.51
95.26
100.05
95.76
104.31
99.74
95.55
104.15
104.94
103.06
101.02
97.78
101.9
96.68
100.76
101.6
96.87
100.39
102.25
95.64
99.48
92.51
95.36
94.97
100.31
97.68
99.71
101.64
100.05
95.1
92.77
96.42
102.19
102.15
96.07
99.81
100.78
101.82
97.65
102.55
93.26
93.4
102.86
99.32
97.68
98.63
103.7
97
89.5
102.96
99.57
94.83
95.19
95
94.6
97.84
100.12
103.5
96.08
94.58
88.33
93.97
97.83
93.52
99.06
97.05
91.7
98.44
90.57
86.48
95.68
92.07
85.07
89.19
95.66
94.52
87.33
88.9
91.5
83.65
93.97
84.7
82.77
73.9
96.43
91.11
97.32
104.8
91.71
95.52
112.4
92.53
91.24
89.35
103.44
101.06
97.92
101.98
94.3
95.02
99.87
96.23
101.07
106.04
102.78
99.45
104.02
98.88
99.44
102.6
100.5
97.32
102.15
100.26
95.4
99.04
97.25
93.87
93.8
95.55
96.98
100.65
102.4
101.66
97.43
95.35
99.65
97.49
101.19
97.96
98.53
102.91
99.22
99.31
100.29
99.98
99.02
98.35
103.58
99.6
98.45
92.99
99.71
99.73
94.8
98.92
101.13
102.96
99.14
89.95
92.47
98.34
99.44
102.53
89.94
90.96
90.49
96.52
98.42
93.55
99.67
98.33
96.07
94.76
87.8
87.45
91.13
89.27
85.27
93.77
92.76
99.18
83.47
92.72
83.97
78.29
85.21
89.05
80.03
86.73
89.92
92.64
93.6
85.92
85.13
95.85
94.75
93.65
91.8
91.57
106.71
101.52
98.46
98.89
103.06
98.19
103.74
97.87
103.13
106.68
105.73
100.35
103.07
105.79
103.94
106.4
99.27
96.22
105.19
99.84
102.55
102.78
99.05
97.09
99.27
103.02
101.68
106.21
104.15
102.75
100.39
98.3
105.17
106.07
101.72
102.95
105.26
106.35
101.08
106.47
106.25
102.78
104.54
101.57
100.1
102.43
99.05
95.53
99.73
98.17
104.46
100.96
98.98
101.23
98.06
104.16
96.78
101.89
102.6
99.3
102.05
94.16
99.26
102.37
98.3
103.46
101.15
98.01
102.15
109.34
94
96.66
100.63
94.41
90.65
97.72
102.83
91.91
96.49
90.38
93.56
95.87
89.55
87.05
86.37
93.64
88.66
88.21
92.73
91.55
87.01
92.41
97.39
97.52
87.75
91.05
89.33
99.97
94.28
98.33
101.76
93.32
91.32
96.57
107.48
104.3
103.28
100.54
101.57
102.38
107.35
100.12
105.09
102.38
103.91
104.86
99.18
106.24
107.59
97.74
97.64
103.71
104.05
107.66
106.51
106.83
102.71
100.74
104.07
105.34
102.96
103.44
104.25
107.13
101.67
104.62
107.03
105.08
103.08
97.16
100.95
105.07
99.71
100.12
99.77
99.2
96.5
102.43
102.14
99.49
91.03
98.56
101.68
102.71
93.73
103.65
99.03
95.02
92.54
96.03
101.87
107.03
99.45
96.53
101.18
107.66
92.9
99.94
108.96
90.53
91.05
92.12
100.33
105.38
101.73
102.51
125.5
79.89
91.45
108.61
83.67
112.12
102.1
106.57
96.72
98.32
101.8
99.87
111.86
104.64
96.72
91.81
100.37
104.48
103.75
98.94
105.22
92.15
95.91
92.73
104.51
102.85
105.97
99.95
98.03
106.79
100.2
107.64
106.78
106.38
106.51
104.17
105.58
101.87
103.61
97.25
97.72
102.22
101.7
104.85
107.43
107.12
99.48
98.79
101.03
104.96
104.93
102.32
108.33
100.71
105.12
104.52
108.03
99.27
105.66
99.73
97.27
101.37
95.02
98.92
95.74
97.96
104.81
102.06
92.06
97.52
93.3
95.59
94.73
106.72
98.43
97.86
101.7
98.12
98.58
100.89
106.81
115.22
104.36
99.33
107.47
104.09
99.36
94.67
100.75
88.01
82.32
95.12
96.15
95.16
87.01
76.38
96.7
89.56
97.27
76.5
0
106.27
91.71
92.59
109.08
97.65
95.15
91.68
102.58
95.4
97.54
92.71
87.33
99.46
96.76
96.09
103.93
95.79
97.26
93.17
97.83
102.31
100.41
95.41
98.51
101.54
99.16
97.48
100.86
98.2
99.8
97.6
96.86
100.11
100.39
93.72
95.74
103.34
98.03
100.06
101.54
104.41
99.28
95.97
98.74
98.94
102.13
101.82
102.98
100.53
104.29
101.41
102.08
101.35
99.92
99.67
98.55
100.65
99.05
99.85
99.64
101.77
95.22
99.33
94.61
102.3
96.2
97.04
98.23
100.84
102.74
97.72
98.68
96.55
97.03
99.21
110.29
104.67
99.18
92.89
94.21
98.64
87.67
95.79
90.82
89.64
98.4
92
85.58
87.17
87.25
89.76
92.08
96.99
89.52
90.8
97.58
90.95
83.92
97.77
89.63
97.61
93.83
95.41
94.81
103.22
91.93
95.67
99.26
93.74
94.99
97.66
103.34
97.17
103.66
98.41
97.3
106.38
102.59
99.55
97.29
101.73
105.4
100.64
99.14
95.65
100.2
101.07
98.63
98.64
98.14
94.48
98.42
99.63
98.82
96.8
100.71
100.28
99.59
95.81
101.07
104.57
101.1
95.46
95.6
102.03
100.09
101.67
104.63
98.08
103.21
96.93
98.67
97.11
101.73
103.65
103.3
99.41
94.31
101.79
102.91
92.7
93.65
97.79
94.77
100.85
101.65
93.48
89.55
96.99
91.67
95.28
103.86
93.91
94.02
91.84
93.26
87.54
93.56
85.26
90.47
82.19
68.9
81.94
66.28
70.65
65.89
64.97
71.13
60.6
69.81
68.87
68
50.85
69.46
72.88
78.39
72.99
58.29
70.1
78.39
80.46
76.71
74.5
76.55
75.56
81.22
76.98
75.51
66.93
72.97
72.54
71.88
70.5
68.32
69.93
67
39.74
62.7
70.35
72.78
78.61
83.42
88.09
86.23
95.81
89.8
89.06
98.52
92.87
92.71
94.09
99.86
99.19
98.06
93.33
97.24
97.33
94.31
94.81
94.65
101.8
100.36
99.1
95
98.3
94.89
95.3
94.55
97.32
99.08
100.09
97.87
96.65
99.85
98.21
99.63
92.9
92.19
98.63
90.4
94.13
101.93
94.06
93.65
94.24
90.87
90.64
98.06
98.32
102.36
96.06
88.63
88.79
85.33
82.94
90.21
86.63
88.97
100.58
86.69
68
94.41
85.19
85.1
85.58
97.06
89.44
85.68
74.04
86.93
88.06
85.55
91.4
83.97
89.1
106.73
97.93
90.99
91.81
88.97
93.22
104.73
99.98
96.7
97.8
99.61
99.77
102.28
97.61
100.54
97.91
101.14
102.23
99.42
94.74
99.4
94.5
102.35
102.24
99.45
100.43
99.3
97.38
99.52
97.96
98.2
98.97
104.93
100.64
95.69
96.29
93.76
101.72
96.22
100.05
95.92
100.09
99.93
104
103.84
100.36
100.15
96.92
102.21
96.46
102.37
97.11
102.54
100.03
99.36
102.56
97.25
100.62
95.16
97.58
93.44
99.86
104
100.87
94.11
90.66
90.14
95.1
100.39
102.08
105.07
92.04
88.56
96.79
88.79
88.16
89.9
98.55
91.69
90.93
93.75
88.65
98.57
90.79
82.01
88.21
92.7
82.97
93.63
109.83
87.94
93.14
88.13
93.37
86.46
99.62
101.35
96.87
88.29
95.64
97.05
101.13
104.5
101.79
100.37
98.18
103.11
99.16
99.13
104.78
104.82
98.57
99.42
100.33
102.19
95.47
100.31
97.94
96.54
99.74
97.86
102.6
102.01
95.38
98.63
96.28
97.67
100.77
101.99
105.07
100.26
98.32
95.23
105.43
96.96
100.38
98.26
104.76
103.67
98.5
104.51
104.48
103.56
103.7
96.36
96.46
100.46
104.98
97.03
96.82
96.48
103.49
98.05
99.6
94.76
95.8
99.28
102.16
97.22
101.13
89.15
98.77
98.52
96.8
98.43
100.01
98.09
92.3
98.41
98.55
89.57
106.39
97.24
94.91
94.77
101.54
100.1
97.4
92.93
87.51
89.5
100.95
85.55
89.28
82.54
98.91
86.97
88.02
101.33
94.05
87.34
98.3
98.36
90.32
91.07
88.37
86.93
94.68
101.38
91.66
88.94
92.49
101.94
93.79
91.25
99
104.38
96.63
92.71
103.81
99.84
98.09
107.19
99.09
102.61
99.56
100.77
103.94
99.97
97.46
92.44
89.05
79.71
79.83
68.81
103.45
99.05
100.22
98.03
98.41
97.69
98.16
96.05
98.59
106.4
105.04
101.05
100.11
95.81
96.91
98.06
93.83
95.47
92.98
94.13
95.55
101.04
97.48
94.37
100
87.22
94.6
87.88
98.27
99.05
101.52
89.8
94.43
101.57
100.42
99.06
95.74
100.62
98
97.51
101.31
92.23
96.94
106.06
101.78
96.05
93.21
97.77
86.53
100.49
88.65
94.52
82
85.96
88.77
89.77
95.75
94.63
90.17
97.46
94.94
97.18
106
87.2
106.07
95.8
88.12
93.53
106.06
104.11
101.5
108.14
92.7
93.49
95.08
91.85
102.44
101.66
95.54
98.13
104.4
101.09
97.08
104.82
104.22
102.13
101.75
98.15
99.79
101.75
95.92
98.44
98.44
103.82
98.14
102.8
105.41
106.86
101.36
97.1
100.47
102.7
104.14
104.51
102.66
100.05
102.04
101.94
101.66
96.84
96.35
96.27
93.88
96.97
95.65
95.45
95.15
95.37
96.97
95.65
100.48
102.58
97.63
96.46
92.12
101.09
104.96
93.73
96.05
94.65
98.29
96.61
101.96
86.57
88.87
105.84
108.16
90.65
92.86
98.02
92.56
89.96
99
92.19
101.55
94.89
86.6
88.49
87.68
87.44
89.92
87.6
89.67
87.04
87.7
91.33
95.03
96.52
98.87
101.29
93.03
97.7
95.22
105.06
99.82
105.01
97.49
98.33
103.79
95.85
98.18
99.79
108.03
104.92
100.24
98.77
102.73
104.01
98.23
100.61
97.61
99.18
99.57
96.73
103.4
102.83
97.33
98.72
105.18
99.09
103.26
101.48
101.82
99.98
98.89
101.61
98.56
100.15
99.77
99.76
104.6
102
103.77
103.21
103.39
104.87
100.2
96.91
104.89
105.51
103.85
104.74
101.21
93.78
101.89
95.16
103.65
94.53
93.71
96.68
99.86
102.25
103.55
94.43
93.04
94.72
100.59
100.32
98.76
98.13
91.82
103.36
109.17
91.46
107.81
95.34
86.33
94.23
92.36
96.24
94.07
88.87
91.54
85.8
93.52
87.47
90.24
105
93.26
89.48
86.08
84.67
99.73
93.67
101.24
102.55
94.09
102.81
96.81
95.34
102.05
111.34
98.1
98.56
99.26
99.06
102.12
102.27
108.02
106.45
99.39
98.86
102.94
104.79
100.09
103.15
98.72
99.41
97.28
103.17
102.99
105.17
97.52
98.15
100.96
100.63
103.73
106.15
102.87
96.33
96.15
100.12
99.45
101.52
100.69
97.61
99.05
100.59
103.43
101.62
98.41
100.2
96.81
95.78
100.7
104.19
96.42
105.55
100.34
95.04
98.62
94.63
103.63
104.3
97.94
97.36
100.83
92.01
89.99
95.4
96.01
97.22
92.78
102.41
99.87
104.65
102.54
98.08
81.39
94.99
93.64
97.36
92.95
82.19
79.85
84.88
82.56
87.49
78.96
81.06
82.02
88.66
78.3
84.47
84.42
76.59
80.03
85.98