20.75
18
26
186
242
289
367
394
361
447
495
506
504
467
528
533
594
622
582
528
461
446
426
414
381
388
381
389
342
335
358
307
347
368
322
24
21
20
30
29
28
48
52
46
55
77
69
71
50
51
28
86
84
58
65
46
40
39
49
31
53
55
49
50
31
32
41
35
23
21.75
127
152
281
291
233
218
197
199
199
184
158
148
165
148
116
128
92
75
91
75
59
57
57
60
40
43
61
54
50
37
36
40
31.25
31
32.13
32.63
37.88
35
44.5
46.5
52
55.5
61
75.5
103
132.5
153.5
230.5
342
369
406.5
560
716
801.5
903.5
963.5
1026
992
962.5
916
857.5
787.5
672.5
641.5
674.5
655.5
622
646
669.5
641
649
655
653.5
665.5
651
648.5
645.5
644.5
647
668.5
685
658.5
659
686.5
675
654.5
658
697
700.5
725
761
748.5
733
773.5
787.5
820
788
715.5
682.5
629.5
528.5
470
418
357.5
311
281.5
256.5
238
218
187.5
174.5
177
159.5
122.5
131
156.5
113
96.5
95
91.5
78.5
73.5
76
68
54
50
38
41
44
47
45
50
45
69
36
43
54
60
49
72
96
104
129
187
265
234
259
371
461
510
599
739
784
762
804
738
724
630
555
554
534
575
577
562
599
638
650
637
634
588
606
634
650
652
669
676
626
688
638
729
642
642
629
625
594
623
631
641
585
637
627
614
600
557
506
503
432
403
347
315
265
270
210
230
174
149
153
142
141
129
117
122
76
88
79
91
74
84
46
67
60
43
42
53
54
41
48
44
50
42
48
35
54
49
46
41
55
55
79
112
133
115
124
138
147
115
142
171
201
214
217
251
302
289
299
345
382
471
504
519
502
552
519
557
608
620
549
552
624
619
556
547
601
84
64
69
73
65
56
60
55
38
43
38
32
36
32
32
35
33
29
25
36
18
25.25
33
48
56
63
66
72
83
85
101
84
87
75
118
78
105
105
114
108
137
145
152
222
188
230
251
283
366
442
412
437
372
392
411
387
442
405
468
454
442
474
478
499
437
548
568
537
532
79
84
121
108
120
120
181
184
245
273
329
385
375
382
503
512
504
552
616
555
566
573
549
527
579
591
612
542
552
562
515
481
459
455
466
445
452
476
438
430
400
387
386
367
343
315
317
319
258
240
211
199
206
184
166
169
138
121
118
97
93
116
69
76
70
57
50
47
50.5
47
46
37
38
31
27
39
20
18
41
41
46
47
36.5
54
62
58
91
114
176
273
352
381
428
559
732
829
994
1049
1095
995
1027
993
788
777
753
766
699
563
507
576
571
526
508
573
490
517
528
561
519
528
521
589
602
552
569
596
541
570
594
591
607
662
678
712
660
683
665
715
688
650
590
530
450
350
348
247
228
220
196
203
162
100
120
146
155
110
103
121
109
78
88
66
65
70
59
51
54
35
40
52
52
51
45
36
54
43
49
48
55
51
62
87
83
110
149
225
282
340
397
537
707
843
924
1014
1019
1155
1027
946
916
879
756
691
602
658
603
546
574
534
530
548
549
545
538
580
566
560
563
618
626
571
615
687
569
585
600
566
663
648
709
647
770
738
701
843
741
639
656
507
481
420
340
285
260
221
202
192
153
136
132
153
138
116
104
141
116
100
68
82
81
86
61
55
58
48
44
48
49
35
53
41
45
42
49
57
55
58
62
71
96
130
145
207
280
296
387
521
645
817
899
1086
1063
1120
1020
1049
996
844
768
730
675
654
627
574
592
541
550
543
571
578
537
566
564
612
587
625
643
633
613
665
673
688
652
663
698
731
739
795
786
806
755
777
790
677
612
577
487
399
360
332
294
239
209
203
176
158
157
169
140
113
122
162
99
99
73
91
73
87
72
46
61
54
43
57
41
36
43
42
56
55
59
59
61
63
51
87
91
114
132
220
293
334
376
522
642
767
877
976
995
1141
1028
972
996
911
766
707
692
697
617
595
606
586
515
586
582
557
556
637
575
583
600
603
625
620
639
672
614
634
653
690
706
730
739
737
779
800
803
794
791
762
638
648
533
428
368
364
305
231
238
212
210
170
154
175
146
114
129
151
109
91
80
90
76
72
66
68
48
43
57
35
47
54
44
57
40
63
57
41
68
63
82
74
97
129
138
225
297
295
362
456
609
762
865
971
938
1116
1019
1016
881
831
703
643
642
653
601
629
644
629
609
614
664
616
674
681
630
708
672
702
701
746
755
820
759
717
770
759
815
845
804
822
771
833
750
780
718
696
640
560
506
514
412
375
344
298
252
276
208
182
148
176
144
151
127
131
111
102
100
71
82
91
69
71
68
50
57
52
50
47
43
47
42
47
49
56
49
51
49
48
60
51
74
113
132
114
123
154
185
174
155
179
258
237
268
327
350
345
358
393
461
471
509
481
600
583
591
624
617
649
587
655
642
638
601
603
617
633
521
550
565
552
500
519
525
511
554
582
553
514
516
478
487
347
260
282
349
377
365
284
291
262
225
183
180
153
117
119
113
103
97
106
86
88
73
66
82
73
67
60
63
67
49
52
46
35
20
19
24
20
29
22
31
29
20.75
28
41
35
60
64
80
73
75
102
109
87
85
121
115
113
141
168
167
217
210
293
339
364
398
407
484
556
555
551
603
579
571
525
531
598
524
579
517
513
512
521
500
432
512
595
481
480
464
535
477
499
519
455
434
414
422
407
322
339
310
263
223
227
213
200
169
165
143
137
135
102
108
126
82
78
74
74
63
58
70
42.5
41
38
29
37
28
30
34
38
31
39
22
61
59
42
61
66
105
138
174
268
369
373
522
623
684
862
926
1096
1096
1115
1031
1064
985
915
762
787
756
742
585
563
590
626
611
584
583
559
581
583
566
554
630
578
663
579
599
632
589
615
622
637
677
742
678
729
691
716
820
782
731
682
629
606
523
427
331
346
278
228
207
211
171
178
129
164
132
120
125
134
92
89
85
90
71
66
47
70
53
48
38
46
37
47
46
43
45.75
44
55
44
52
62
61
92
95
119
157
226
305
345
378
528
719
829
948
838
885
942
924
996
877
811
809
761
772
656
586
573
636
544
540
576
554
586
593
589
602
560
565
627
605
592
620
677
612
662
697
696
717
734
756
814
827
801
839
826
785
712
668
684
539
461
360
358
297
232
234
194
209
166
138
142
141
128
108
155
97
84
81
65
77
73
59
46
62
60
40
45
41
42
30
48
55
48
47
50
55
56
68
76
99
123
142
193
297
372
386
532
697
793
895
1070
1070
1108
1030
1104
951
882
678
825
744
693
626
574
579
578
553
546
577
612
606
618
610
658
621
605
648
657
638
725
658
675
664
644
716
755
816
840
841
796
847
809
829
751
680
590
575
496
390
334
287
264
239
229
203
176
128
158
132
152
119
137
105
101
100
86
92
77
72
52
66
57
46
43
44
38
42
42
60
53
53
53
72
71
60
86
102
123
143
207
309
312
404
539
641
842
859
1051
1069
1077
1145
1058
1037
931
816
744
726
664
634
599
582
596
560
545
590
624
610
607
616
599
652
661
591
678
674
683
640
657
667
711
680
778
776
798
831
817
819
766
819
710
660
561
607
494
413
346
304
302
266
233
184
176
154
170
158
144
114
155
115
107
85
91
77
87
62
66
53
43
45
52
62
65
47
42
58
63
60
48
57
66
57
101
86
142
158
212
318
288
369
543
681
763
897
1024
1011
1081
999
1005
905
862
670
747
647
611
635
614
623
632
611
684
652
609
609
639
711
697
697
795
757
792
813
820
771
836
725
855
824
805
868
875
808
769
756
790
748
705
623
643
505
543
482
422
399
357
278
256
220
182
161
177
134
148
133
147
91
116
93
84
106
67
76
66
78
50
57
66
62
48
56
38
51
46
47
39
50
43
45
65
63
59
63
103
140
115
126
187
177
168
175
225
261
254
282
349
390
406
378
485
573
592
576
594
631
725
670
671
628
614
624
641
586
582
626
609
608
563
554
515
470
474
463
506
477
447
479
466
481
488
496
543
515
449
456
426
356
345
286
250
226
208
198
161
163
136
103
103
88
106
103
101
103
102
84
82
74
56
69
50
69
63
38
41
37
28
25
31
34
26
27
22
43
25
19
35.25
43
60
55
62
81
77
76
97
124
106
84
111
133
117
135
178
191
211
249
258
340
395
381
400
495
519
531
562
548
549
580
526
533
529
561
541
553
558
507
511
508
476
491
535
476
507
436
487
504
502
507
462
427
446
446
452
377
333
352
303
280
243
271
233
203
172
162
151
135
112
111
94
74
55
68
77
75
58
70
48
45
42
36
33
46
30
33
27
37
39
41
39
58
57
60
69
79
139
144
291
374
385
461
607
731
549
588
579
592
606
617
684
610
553
686
623
616
586
642
634
653
678
773
705
792
802
783
756
725
633
594
499
419
334
295
250
251
526
595
632
614
596
675
648
723
687
783
786
909
866
768
806
838
955
1080
1079
921
851
213
170
175
143
129
146
143
119
109
120
85
82
86
99
66
63
62
53
44
58
44
60
39
59
61
46
58
51
49
50
44
51.25
73
62
95
119
157
240
328
324
412
544
733
822
947
1063
1094
1187
1068
1020
997
892
825
714
709
659
597
609
625
559
583
573
574
579
543
591
593
630
629
588
679
605
620
667
631
670
650
651
667
735
720
769
799
761
784
821
820
754
698
612
469
436
353
328
242
246
239
206
179
149
174
143
143
132
114
158
120
84
87
65
63
67
68
73
58
50
55
50
49
61
44
44
34
51
49
40
62
52
69
73
112
111
136
204
311
314
397
533
695
781
918
1056
1076
1175
1130
1065
919
912
779
774
714
651
620
602
599
588
523
611
649
599
622
598
633
655
631
652
697
657
610
705
666
729
664
746
725
736
851
854
835
826
894
874
891
737
663
626
530
468
392
331
328
274
230
203
173
136
154
185
169
133
147
150
119
110
98
96
70
72
75
54
49
53
50
48
51
48
62
47
56
42
55
60
64
47
68
84
89
117
141
226
309
301
374
569
719
838
869
1064
967
1080
1048
948
962
905
738
737
771
741
689
678
623
655
548
607
636
569
572
593
605
629
621
604
643
652
677
723
679
673
721
726
743
755
801
831
808
810
798
858
809
759
731
600
620
565
494
427
327
277
284
263
189
185
183
179
172
133
125
158
124
102
86
84
87
66
63
61
56
48
57
35
68.5
52
41
47
46
66
61
57
66
48
75
87
112
127
151
201
284
309
320
532
639
714
878
1023
1034
1050
1032
998
882
864
742
719
686
679
664
605
596
590
610
639
623
659
634
555
682
676
719
750
786
730
733
809
777
778
786
838
813
832
868
846
864
789
681
691
620
581
544
536
506
537
526
476
421
364
318
235
248
198
162
174
170
170
139
144
121
100
113
92
81
77
75
70
69
62
62
53
56
47
54
49
63
34
48
43
51
35
43
56
44
66
91
100
147
113
119
158
190
171
197
222
247
227
270
331
360
425
364
436
534
548
556
565
568
641
664
680
659
683
653
699
717
642
618
659
591
585
510
528
509
495
492
561
534
518
445
525
557
538
495
503
473
460
397
448
399
341
278
254
226
196
176
152
135
125
108
114
101
109
90
99
87
96
85
79
77
69
87
72
54
78
63
54
47
29
28
32
25.5
25
31
29
29
32
27
34
41
42
41
70
94
76
57
103
97
89
117
118
118
121
147
160
169
180
221
277
305
392
383
428
499
537
541
593
601
633
554
559
598
532
531
536
552
525
510
515
484
486
477
432
494
460
481
505
488
554
452
407
443
437
436
395
365
329
311
310
277
237
258
212
220
198
151
132
133
107
85
107
91
64
59
68
49
97
131
188
293
381
390
472
620
726
866
960
1085
1070
1089
1059
1113
1016
938
858
785
723
612
582
591
594
574
558
531
563
612
584
601
73
67
50
65
42
33
40
25
24
38
36.25
29
37
39
37
46
41
60
51
635
593
601
612
604
583
611
662
629
622
666
636
646
680
691
785
784
780
738
823
804
749
636
558
478
412
354
322
288
211
198
223
170
159
138
161
144
120
117
149
105
101
96
89
69
61
56
47
46
38
33
45
48
21
45
47
43
44
47
63
60
49
59
80
103
138
133
237
346
326
406
529
681
840
982
1065
1103
1170
1104
1114
949
932
806
729
713
604
586
594
558
539
578
540
556
586
602
612
569
605
583
668
578
633
673
660
656
640
686
694
749
720
784
898
922
913
857
826
912
855
739
630
598
448
418
342
275
266
256
187
169
131
126
148
150
115
132
166
107
101
92
82
66
67
67
54
58
38
53
62
45
35
41
51
57
53
57
46
56
57
62
85
113
113
163
223
315
349
427
502
684
829
895
1108
1077
1092
1132
1048
940
848
851
761
719
654
565
635
563
621
572
608
567
563
593
590
603
605
576
625
619
629
679
664
663
705
720
698
723
736
808
826
868
805
876
790
827
773
695
680
505
495
390
361
282
264
263
228
206
218
162
135
173
135
122
170
122
89
64
75
84
74
70
61
52
53
46
49
54
51
38
50
56
70.5
43
50
69
49
77
81
99
120
145
227
318
291
421
550
664
830
884
1027
1090
1081
1056
1037
1056
852
711
719
721
642
603
632
580
561
552
593
655
589
619
587
621
642
621
667
672
627
667
687
675
658
695
727
734
788
751
866
826
836
845
818
813
773
691
625
533
412
439
364
284
298
242
241
232
191
151
159
180
149
133
158
126
82
90
68
81
86
71
66
65
58
52
42
45
50
32
61
71
68
45
55
74
58
70
88
97
137
126
230
296
290
399
521
653
752
913
961
1029
1041
1052
1029
864
812
744
749
642
620
609
652
563
642
596
637
654
633
628
723
668
676
721
731
749
790
743
835
757
740
730
836
840
852
822
835
843
790
800
760
753
687
637
612
537
498
473
417
369
353
296
287
273
209
171
158
163
143
139
156
124
119
89
86
93
90
95
82
66
68
52
67
57
63
50
55
46
52
45
56
50
53
58
60
59
71
81
112
142
117
115
168
194
174
167
233
245
219
288
352
379
401
358
437
502
509
501
545
567
561
657
631
628
640
658
663
688
683
657
706
674
641
645
519
494
505
457
478
456
465
452
477
486
469
453
503
486
416
510
465
408
339
324
321
247
217
180
164
175
174
124
116
104
110
120
114
102
92
97
78
73
66
80
64
51
58
52
50
47
50.75
36
34
32
26.75
33
41
31
37
28
34
45
48
52
77
85
71
82
101
124
103
93
138
137
158
111
146
181
225
249
255
352
355
435
461
526
529
579
583
604
577
602
609
604
583
623
597
595
655
558
596
478
499
510
498
514
541
530
561
532
545
506
567
555
520
484
417
387
397
333
338
284
277
250
229
246
199
143
158
158
109
99
90
83
75
66
66
54
47
51
45.25
47
42
40
33
44
45
33
38
34
44
41.25
45.25
36
57
55
80
88
140
163
262
383
408
473
609
715
838
989
1026
1141
1135
914
1039
1015
897
793
747
728
671
557
602
575
626
611
513
638
611
571
611
607
586
585
638
654
595
596
679
579
594
663
661
639
690
718
744
772
781
781
837
735
712
668
569
483
428
334
338
291
216
199
222
156
161
134
144
121
101
125
128
100
103
87
69
65
73
54
71
42
47
43
47
45
42
44
48
62
43
49
52
51
42
77
78
75
125
148
211
312
327
418
557
712
792
969
1132
1061
1139
1095
1049
1055
893
813
730
669
611
586
624
573
566
518
542
617
532
560
553
571
565
604
646
612
646
606
688
630
630
709
710
646
713
722
780
795
841
848
841
756
751
722
656
536
478
389
332
279
243
208
203
208
164
125
149
156
137
143
140
91
89
92
80
81
76
63
64
69
46
39
37
40
54
46
42
43
52.25
43
40
44
51
71
75
116
115
129
229
297
302
418
528
689
806
951
1065
1115
1106
1020
1022
987
902
770
686
678
610
642
609
617
571
574
588
586
589
617
591
640
584
649
606
673
654
605
702
657
645
617
698
721
710
756
759
851
775
814
883
797
728
665
656
556
458
388
349
292
258
237
206
177
180
163
182
144
121
110
159
125
94
87
88
73
80
88
50
52
29
49
44
46
47
43
45
58
56
62
55
64
61
67
89
91
107
139
182
297
335
410
513
693
688
725
899
1065
1135
1123
996
1078
899
889
728
694
637
566
661
582
585
561
595
601
563
572
587
679
566
639
645
645
576
746
730
667
740
714
774
760
830
799
826
847
815
873
879
833
688
709
643
539
456
438
340
317
313
233
268
194
184
173
180
157
145
123
172
126
101
78
69
77
81
63
66
64
59
46
43
51
48
59
41
41
66
57
73
61
55
63
74
104
120
137
232
307
316
392
536
712
765
890
1047
1052
1123
993
1013
906
832
723
680
666
561
647
563
639
613
599
640
646
676
616
641
692
698
722
721
754
761
800
870
772
791
824
799
864
829
830
827
882
848
759
841
780
712
704
660
632
530
447
450
396
361
294
252
219
209
171
148
155
135
166
161
117
118
112
84
76
79
81
84
66
54
53
66
42
51
48
45
45
56
50
54
44
62
40
45
52
65
78
108
134
118
123
156
219
157
194
223
208
251
273
371
389
400
404
503
497
622
583
566
563
611
558
673
636
610
630
650
572
610
610
593
572
539
512
552
524
452
522
533
490
487
479
471
478
500
474
512
438
421
411
407
404
362
312
282
230
252
184
167
146
132
137
114
105
80
107
103
93
75
104
92
86
80
73
84
81
54
52
46
37
39
33
28
39
26
25
52
27
33
29
33
44
49
40
68
80
64
76
104
112
91
96
122
136
109
137
169
200
191
244
254
346
368
414
416
500
516
535
563
610
661
604
611
589
590
610
607
600
590
537
565
517
539
488
541
555
545
495
495
506
587
539
527
464
475
446
441
373
392
371
300
272
261
238
209
212
177
135
143
154
99
106
114
86
82
78
72
58
58
69
40
36
34
37
43
39
32.25
32
28
37
41
45
46
54
60
46
69
90
132
167
276
389
388
482
602
697
784
768
856
986
988
980
995
970
1010
842
839
716
706
628
583
569
576
658
627
609
598
548
547
586
579
583
548
546
561
598
609
588
612
607
656
627
686
674
718
720
736
816
840
814
729
676
612
518
423
406
335
282
251
225
206
185
159
150
159
142
125
111
147
115
108
75
72
79
60
54
59
43
45
51
40
47
32
46
44
42
63
53
55
80
49
61
88
99
126
139
219
309
336
419
561
697
804
1005
1078
1113
1173
1062
1057
950
885
859
760
699
691
566
563
567
547
556
570
527
537
582
644
581
613
578
606
624
589
625
662
617
638
706
678
736
663
748
744
799
814
837
814
772
727
686
584
536
477
390
348
274
241
224
212
196
172
160
156
147
119
112
145
168
134
148
103
87
66
68
78
56
54
56
52
47
39
41
41
53
53
55
50
48
53
76
84
100
112
144
212
306
312
411
536
665
702
887
1048
1055
1111
1065
1088
1032
979
779
723
719
647
607
607
645
628
555
606
621
577
599
604
596
625
599
609
676
677
578
662
707
646
706
717
653
752
755
779
719
797
770
801
724
634
581
620
522
398
364
298
242
229
223
187
172
155
157
121
157
122
135
149
108
93
70
76
78
57
81
57
55
61
42
70
58
45
39
47
52
67
68
50
78
60
72
73
101
126
111
224
285
345
404
509
679
788
883
1044
1005
1028
1012
994
890
790
758
753
651
580
596
576
508
522
599
595
563
556
563
688
623
598
641
726
681
648
689
641
713
699
687
799
745
794
730
837
819
862
845
817
850
736
782
663
590
458
440
366
285
262
286
199
217
214
209
183
116
124
92
98
87.5
81.5
58
60.5
67
47.5
50.75
42.75
46
35
48.75
52
51
34
37
45
49.75
57.75
51
44.25
58.25
50.25
83
72
103
131
171
196
305
300
392
575
614
753
915
1028
1009
1021
984
982
875
837
738
721
670
678
611
624
669
607
667
664
661
711
677
678
676
718
709
801
774
801
792
751
811
689
842
828
843
780
797
707
739
805
786
762
711
730
667
663
495
474
454
405
348
337
275
233
228
185
163
196
154
158
143
119
138
100
109
133
96
94
82
62
62
55
72
67
61
47
40
47
39
52
39
40
42
55
46
45
60
57
59
118
160
105
117
142
209
186
195
238
239
238
240
332
376
374
382
384
442
485
491
496
624
628
595
616
654
627
629
615
650
677
634
663
574
612
581
602
529
526
474
497
480
499
444
488
446
501
459
483
429
428
406
416
381
345
284
249
226
222
211
141
157
135
113
122
122
97
96
117
89
82
99
90
92
81
77
80
50
63
62
50
49
40
37
32
35
28
20
31
37
31
34
25
43
49
56
63
91
82
76
86
115
98
128
162
130
135
134
144
192
222
262
296
357
460
447
464
535
582
592
605
648
587
582
594
606
581
557
619
614
612
526
491
545
484
492
562
514
515
496
589
572
579
523
584
589
577
550
485
454
398
346
353
284
238
246
258
221
184
191
153
145
112
111
96
98
71
57
75
68
70
54
53
32
51
34
38
30
35
30
34
37
34
32
58
51
57
72
62
118
148
180
281
382
369
477
640
696
858
930
1041
1084
1055
1038
973
857
796
729
746
721
735
690
633
729
756
650
677
661
742
622
671
661
607
649
664
669
673
633
678
652
690
652
707
703
741
757
755
773
794
791
812
758
707
641
633
539
426
363
321
313
262
228
206
210
157
139
161
118
109
121
161
103
95
88
82
64
70
63
53
44
44
49
47
41
55
53
40
34
60
44.75
49
68
54
55
77
98
127
135
231
329
301
394
510
690
810
951
1040
1068
1147
1054
1050
915
858
710
751
753
771
657
649
700
657
638
599
687
671
632
636
677
600
691
693
643
621
662
761
770
726
700
707
742
768
817
863
824
872
780
899
845
796
691
666
550
442
376
341
291
252
227
228
206
180
161
153
130
118
143
164
125
85
86
90
78
88
68
68
54
46
41
52
35
56
48
40
38
52
39
56
66
56
62
82
93
113
139
221
286
297
418
507
655
784
929
990
1061
1041
1038
1052
961
908
676
763
760
758
727
648
609
812
774
703
711
615
712
649
630
681
609
695
733
703
739
776
698
710
705
757
779
797
775
908
882
957
900
890
898
788
784
678
665
507
462
387
327
278
259
223
226
188
160
148
184
137
201
213
164
154
126
119
119
126
88
96
63
72
67
71
65
70
68
58
57
63
60
52
67
60
69
91
116
131
155
221
301
310
386
552
676
666
886
990
1025
1073
1023
982
974
865
746
730
730
754
712
697
711
737
700
713
717
679
664
637
680
677
667
736
674
699
710
735
697
690
719
756
809
761
831
863
772
864
895
876
887
816
735
681
605
488
501
380
371
280
289
222
170
167
136
173
181
155
165
206
218
130
99
93
98
76
62
59
63
52
52
51
51
70
58
44
62
50
52
59
67
59
77
73
101
137
140
238
329
319
356
453
661
761
848
960
963
1032
932
906
846
757
734
666
746
734
669
740
719
785
778
775
787
743
720
761
789
783
767
862
806
817
791
930
834
837
899
853
866
895
860
896
834
804
841
869
815
771
685
655
584
525
528
423
391
344
293
283
230
223
160
170
146
151
160
173
123
104
102
100
95
100
95
83
67
56
58
66
44
48
57
45
48
49
43
56
51
52.75
42
61.5
62
76.5
83
116
131
118
134
186
211
203
254
255
286
331
314
357
358
387
428
492
538
528
610
647
686
613
521
665
607
704
774
701
605
730
603
638
665
561
577
589
549
485
479
499
552
526
479
471
556
512
534
499
495
463
442
423
408
361
330
295
259
219
179
188
154
167
140
132
123
114
136
119
95
108
88
77
76
85
78
50
73
59
69
48
34
40
23
27
51
38
37
34
38
26
27
24
45
58
52
67
99
80
72
111
119
108
120
140
148
153
148
198
252
271
248
334
405
463
551
546
632
670
609
659
661
627
615
574
601
583
615
626
546
587
586
573
577
528
518
550
552
513
569
640
619
634
594
554
561
522
472
510
423
453
390
356
287
284
258
263
224
189
192
176
163
133
103
100
80
75
75
67
70
40
54
58
51
34
27
38
36
35
25.5
35.5
22
35
45
59
55
52
72
66
136
126
162
280
381
367
478
603
774
870
1010
1112
1150
1172
1068
1054
957
912
803
793
744
657
538
548
602
567
628
603
565
589
619
624
701
564
638
624
612
659
650
659
667
616
703
684
681
644
734
763
813
738
841
782
763
685
694
582
554
429
365
377
272
239
195
223
208
171
155
153
138
130
134
148
103
127
117
80
72
75
64
47
53
48
39
48
47
51
35
38
55
42
50
66
53
59
49
95
126
129
139
228
325
310
464
560
740
852
941
1116
1078
1186
1085
1073
959
884
754
749
671
645
543
643
567
610
611
558
604
589
573
599
626
619
619
677
582
657
618
701
654
685
640
743
736
763
791
911
812
822
807
882
899
783
677
680
501
457
401
373
312
271
231
214
197
184
142
178
164
111
126
148
104
105
95
80
76
56
57
50
40
46
40
41
50
70
53
45
51
44
53
41
50
56
68
83
91
95
145
238
341
333
394
526
691
862
978
1070
1099
1205
1068
1014
920
833
752
694
684
706
636
650
638
661
645
607
685
671
643
618
621
601
621
644
654
727
676
716
713
731
782
889
867
987
920
881
919
873
832
957
889
812
743
646
594
498
426
380
340
294
288
247
221
215
175
173
197
157
150
152
112
117
98
86
83
76
64
58
58
52
42
62
52
47
50
49
55
52
56
59
62
61
69
84
113
133
140
238
292
349
415
543
720
778
902
1063
1058
1136
1083
1091
1022
871
792
777
696
661
595
730
648
640
622
587
655
610
652
655
594
629
606
689
656
684
665
689
732
682
722
759
738
798
759
848
835
823
828
922
911
774
692
710
630
492
433
402
337
328
249
271
221
228
180
175
172
147
149
154
135
115
127
82
89
80
88
73
64
54
40
44
60
51
62
58
46
63
59
64
64
81
74
82
101
127
152
238
291
275
386
557
655
803
883
1000
991
1034
1052
1026
891
823
755
720
710
732
645
690
679
674
708
688
754
668
713
720
731
734
774
754
816
785
803
825
793
874
809
896
922
884
856
888
897
845
860
830
806
744
738
683
633
585
413
354
314
305
287
268
235
247
308
172
168
158
138
160
133
163
148
123
117
90
96
86
69
69
64
81
67
54
47
48
48
55
45
42
62
43
46
53
67
68
77
91
159
118
145
163
198
199
211
232
256
307
292
343
410
463
459
497
561
571
582
598
622
643
606
625
647
686
703
690
667
648
628
641
657
620
543
570
562
524
487
510
543
517
523
538
502
587
535
562
550
498
544
522
435
401
350
313
267
250
222
167
186
174
117
147
121
108
100
116
107
87
101
96
96
87
70
60
75
77
85
79
106
131
89
94
135
160
151
157
199
235
232
266
350
399
439
479
537
580
615
635
606
623
624
607
591
650
679
44
51
32
38
17
31
40
35
23
36
38
32
33
38
58
51
56
74
93
557
664
635
617
624
591
564
579
576
595
593
584
565
610
612
582
632
568
544
508
488
442
419
395
381
371
308
271
240
228
228
203
179
173
156
120
113
123
93
74
64
76
76
53
64
54
44
46
32
42
48
27
35
29
39
38
40
46
51
49
76
65
100
140
194
285
403
411
499
608
748
858
983
1109
1093
1007
1249
1055
1017
931
780
721
701
685
643
578
605
639
612
590
611
614
581
596
625
572
626
649
685
586
631
618
581
627
640
668
702
705
671
723
790
782
763
840
821
700
690
610
528
455
368
319
260
260
240
195
179
158
161
150
134
134
107
140
106
80
98
80
74
74
58
56
46
56
42
52
38
40
43
51
47
49
55
38
70
64
70
71
103
101
143
228
310
350
428
554
724
829
1033
1088
1127
1106
1083
1110
999
852
801
721
734
669
611
612
566
546
561
588
560
547
553
597
562
598
558
632
656
628
633
689
635
647
672
650
699
696
771
794
840
805
836
858
821
804
694
660
493
477
392
370
333
250
209
210
189
180
152
159
127
124
150
143
94
88
79
69
73
69
83
62
61
53
58
40
57
55
55
47
52
52
48
57
57
64
67
109
106
126
146
227
296
349
379
552
706
801
927
1134
1093
1176
1059
994
950
918
839
794
706
637
648
603
616
572
583
627
593
598
589
624
612
647
656
617
693
612
634
698
670
683
702
737
741
782
844
858
846
849
873
901
834
873
733
687
563
500
430
369
348
277
235
224
206
172
173
142
139
138
136
167
111
103
93
98
79
79
74
68
59
44
56
52
49
50
39
56
51
56
40
62
75
60
65
91
117
127
183
215
320
315
418
559
708
838
934
1114
1099
1166
1062
1064
958
876
806
729
682
625
616
651
569
589
587
585
594
627
588
654
595
624
663
689
698
629
609
719
681
696
719
751
743
760
776
679
654
706
697
690
749
692
602
522
444
422
342
312
256
242
202
176
183
161
112
142
116
123
174
199
115
105
103
95
78
91
72
61
68
44
67
60
60
49
51
54
39
70
51
58
79
54
65
105
106
123
167
251
313
310
375
544
674
743
889
996
1030
1100
991
964
937
806
735
713
739
661
623
586
621
594
594
626
656
628
697
706
653
662
725
772
756
751
786
837
697
619
711
724
740
816
836
825
858
815
858
806
830
789
721
692
623
609
450
412
379
317
319
293
267
213
193
179
184
150
168
217
165
193
147
112
100
89
97
77
75
54
58
60
52
56
54
39
65
50
34
49
36
61
35
55
52
66
72
106
129
123
155
174
217
192
224
236
276
279
299
364
423
443
426
491
572
597
614
567
556
638
638
642
672
649
696
668
665
639
732
707
661
627
574
562
494
546
466
512
508
523
481
496
553
511
528
644
614
606
505
474
472
392
337
340
276
208
196
172
161
136
135
118
133
130
112
126
100
87
101
72
87
89
74
71
72
67
54
77
56
43
46
46
45
23
29
33.75
33.75
48
37.5
32.5
51
56
54
76
86
61
74
103
132
90
104
132
145
156
153
216
265
251
292
375
402
487
508
585
640
596
608
624
554
600
635
556
582
558
578
606
605
571
559
590
554
574
504
558
568
580
564
611
659
628
628
687
617
615
635
627
517
457
469
460
392
343
276
280
243
236
188
193
145
146
142
108
109
79
74
85
72
63
56
60
48
41
35
48
36
46
39
26
28.5
38.5
34.25
55.25
65.25
54
59
68
108
128
193
290
384
409
475
626
746
857
1011
1045
1121
1140
1091
1053
976
903
772
778
688
669
680
653
628
587
533
610
646
601
610
570
588
611
647
637
661
585
636
676
618
645
669
651
655
693
743
772
746
797
791
843
775
738
710
633
499
414
403
352
300
233
213
205
159
131
123
125
107
109
100
107
106
73
91
70
71
66.5
59
49
36
44
43
37
37
42
44
36
39
34
60
43
38
56
62
59
103
127
117
233
310
351
391
560
749
852
989
1109
1075
1169
1091
1013
1028
844
737
702
707
672
601
590
573
606
557
531
542
557
575
573
626
602
614
677
630
620
639
656
643
654
677
654
715
711
794
826
800
818
817
869
794
807
763
695
652
482
438
377
300
262
256
213
162
141
134
129
110
97
79
124
100
80
86
90
74
53
66
53
41
31
29
37
40
32
27
45
30
39
35
51
47
58
65
62
94
109
138
232
281
331
423
579
700
832
876
1045
1091
1156
1067
1097
964
953
763
762
694
627
643
610
673
595
567
564
599
583
605
636
619
586
596
671
657
546
579
700
613
663
620
689
662
707
762
778
842
844
819
932
887
817
743
660
559
470
459
357
340
303
259
179
166
143
165
154
127
105
99
120
89
77
76
83
65
71
64
45
34
30
40
36
36
29
34
37
32
45
44
42
54
53
51
72
103
127
129
201
296
319
369
536
664
848
941
1009
1052
1076
1125
1049
1024
905
733
679
730
729
677
654
671
625
578
628
588
634
606
633
646
565
649
665
702
635
613
703
689
681
670
738
760
803
794
875
876
915
907
897
886
732
799
726
597
512
464
382
315
302
266
268
169
160
172
174
131
126
125
135
105
95
76
89
88
85
76
68
68.25
49
49
28
34
52
57
43.75
47
70
52.25
49
67
68
60
81
103
119
179
208
320
316
389
527
669
758
819
1021
1059
1040
987
950
906
777
763
682
642
591
672
623
646
655
624
678
678
684
686
701
688
716
716
754
769
729
785
791
767
777
800
817
846
907
831
860
888
808
855
883
798
733
712
621
593
573
478
415
380
323
324
269
227
209
182
158
153
146
136
133
130
129
98
88
84
78
71
90
48
57
44
53
59
52
43
47
43
46
41
51
56
46
52
68
40
83
64
94
123
134
129
201
220
213
199
257
256
277
264
353
437
451
418
544
539
582
534
593
658
627
567
650
636
640
623
730
645
580
634
607
572
558
507
503
465
462
490
476
560
624
579
605
570
492
482
527
499
480
460
492
413
387
321
299
298
236
217
176
151
140
138
103
96
111
97
115
103
76
75
84
71
70
59
71
58
55
49
39
33
34
26
25
31
40
24
29
37
34
34
31
40
62
60
75
92
88
75
113
121
120
118
126
156
145
181
195
246
272
284
368
485
522
574
658
709
725
690
664
677
625
591
648
593
609
580
661
637
660
708
685
588
559
533
586
511
571
569
658
647
679
662
635
706
596
582
567
536
463
435
406
371
294
289
253
237
210
192
181
141
123
129
115
104
76
61
67
63
62
57
42
48
35
38
33
26
30
34
35
29.75
33
38
51
61
52
62
70
115
129
188
275
377
440
520
641
768
926
1040
1045
1165
1209
1035
1077
961
955
767
755
699
665
623
609
658
595
610
597
605
683
528
621
622
661
625
614
630
609
637
678
594
531
678
673
702
714
688
811
806
826
803
806
797
739
683
625
489
435
386
333
289
230
212
215
181
151
144
133
138.75
124
114
154
115
87
98
98
79
73
73
74
52
59
48
56
52
49
41
52
49
54
50.5
69
70
56
81
91
120
123
151
247
326
368
448
555
733
857
946
1125
1091
1168
1080
1052
992
879
814
723
637
617
615
617
553
567
528
620
571
554
568
616
620
549
617
630
636
588
630
615
658
679
623
724
702
739
727
753
807
766
804
789
803
757
737
635
529
436
379
336
309
243
217
203
182
170
148
169
157
111
115
147
102
95
77
96
71
64
70
53
59
51
56
62
45
34
41
38
51
49
47
45
60
65
56
88
108
135
153
224
297
315
360
571
739
863
939
960
1172
1144
1101
1080
1031
910
728
774
682
623
650
608
617
628
577
617
580
561
623
647
629
633
638
666
656
637
651
694
753
706
713
743
797
876
852
885
888
888
848
882
829
779
685
642
639
534
450
415
346
296
258
221
203
168
167
184
137
104
160
144
101
91
83
90
62
90
63
68
65
54
49
50
27
56
43
44
55
66
53
54
67
61
69
98
114
130
153
223
302
356
423
566
676
871
909
1025
1016
1179
1109
1032
991
855
820
742
700
643
654
679
610
639
603
599
585
582
617
640
577
616
676
676
694
648
653
720
684
766
741
742
772
740
814
789
831
847
794
906
855
769
701
646
631
464
497
391
359
326
256
238
211
190
195
201
149
146
147
171
103
92
101
97
77
82
79
61.25
61.25
47.25
32
32
37
59
47
55
56
64
47
53
61
47
71
73
99
120
160
227
308
339
386
615
691
782
890
1022
1022
1093
998
971
866
809
683
692
695
685
681
656
650
658
661
678
682
711
665
700
737
727
748
801
739
727
760
890
754
829
848
816
835
786
756
831
900
808
842
772
870
782
675
677
562
550
468
473
396
364
360
319
269
199
173
176
151
144
160
180
112
95
78
91
95
94
75
91
69
61
59
60
50
61
58
34
50
45
48
40
46
46
46
52
50
66
86
109
126
135
132
193
213
185
211
221
248
263
356
381
449
460
466
532
577
608
562
613
625
618
687
627
674
654
599
651
684
676
667
692
673
614
561
511
479
448
461
506
500
493
435
541
488
522
460
467
522
516
484
445
437
376
370
283
241
237
196
196
167
145
155
134
151
91
83
59
79
59
62
59
44
55
49
56
51
42
50
42
28
21
30
22
20
22
35
20
24
18
15
17
31
49
51
65
76
72
77
125
126
99
121
136
148
154
158
197
246
299
317
352
423
488
505
581
645
603
692
566
670
554
565
590
560
588
553
641
637
581
554
585
572
570
652
613
641
552
612
643
646
707
646
649
674
722
588
600
519
464
427
388
342
292
298
278
224
217
176
184
167
136
126
129
88
81
92
77
81
58
61
55
46
57
43
45
35
39
26
32
31
39
32
48
56
64
65
68
89
135
166
251
360
421
461
602
730
820
961
1060
1122
1092
1038
1007
887
902
920
787
793
707
681
656
631
639
625
637
623
626
660
627
629
592
635
671
652
641
590
679
623
594
349
379
394
472
603
857
985
832
863
840
797
761
697
659
505
425
396
330
252
253
222
203
165
137
135
153
133
127
109
118
94
71
64
65
67
83
64
49
50
44
33
48
37
42
49
32
38
52
48
52
57
52
46
76
91
118
164
217
332
328
440
598
700
845
918
1066
1056
1114
1081
1077
952
891
807
725
720
667
645
611
532
584
617
584
585
600
570
601
606
597
623
695
633
647
623
698
696
706
691
705
816
851
826
845
841
891
855
901
841
736
708
642
556
447
352
369
318
274
239
216
184
189
164
159
149
99
109
124
113
81
94
71
82
57
62
67
53
51
53
40
42
45
48
58
56
52
52
54
60
67
55
97
101
122
165
248
314
331
392
571
742
847
918
1120
1116
1106
1024
1067
959
910
759
765
728
684
713
685
676
648
612
632
632
578
625
661
588
644
638
632
717
681
675
680
657
668
711
745
762
819
795
848
808
804
883
848
831
795
731
628
550
494
419
364
323
312
282
254
218
211
168
161
191
119
109
117
112
78
69
95
90
60
46
68
54
53
59
54
39
57
39
35
51
54
56
49
65
56
66
78
119
130
144
252
297
352
444
578
699
803
986
1069
1087
1179
1104
1096
986
858
809
710
741
666
670
588
633
643
587
563
646
585
623
623
569
635
671
661
741
657
641
669
731
681
665
696
762
728
784
867
856
826
848
903
880
788
690
636
604
491
491
380
347
314
255
245
249
167
122
121
161
168
173
156
142
91
116
100
79
75
67
59
64
55
57
48
53
52
44
52
54
50
66
64
66
68
68
90
119
121
155
256
285
350
395
561
682
770
862
950
1006
1063
929
986
889
764
675
682
683
657
666
662
624
645
635
583
665
619
643
683
642
641
673
721
725
727
705
779
676
709
764
730
769
784
822
810
915
851
854
865
804
793
750
713
656
534
499
454
420
388
335
301
281
261
188
162
190
169
160
192
158
141
133
103
113
85
108
70
83
52
57
52
55
48
48
51
62
47
42
35
52
55
46
58
53
83
77
116
161
153
145
185
223
233
247
270
253
293
340
402
450
446
492
590
681
688
714
751
717
646
766
671
730
719
696
693
694
801
716
763
782
674
641
567
553
517
502
522
536
475
539
524
562
554
536
522
569
571
542
525
477
405
363
291
299
246
253
231
191
173
158
155
145
108
126
120
122
87
93
95
83
79
96
79
90
62
59
76
60
47
36
34.5
31
25
35
44
41
38
41
34
53
56
45
75
89
82
84
88
107
122
98
111
149
137
148
177
268
276
268
318
398
407
482
520
523
621
614
659
727
703
695
668
678
641
634
638
651
636
574
559
599
554
564
570
560
621
634
634
721
653
737
698
720
735
630
673
624
613
545
524
505
439
431
419
381
365
319
313
344
320
216
179
149
108
112
90
72
76
77
78
69
43
45
51
53
27
40
49
47
46
52
70
84
75
93
113
141
146
177
280
415
374
469
577
762
801
951
1063
1080
1114
1071
1036
1006
875
792
790
698
686
660
659
575
625
655
612
604
652
591
585
598
624
614
631
642
625
642
710
641
691
675
631
678
672
639
701
837
810
844
853
838
787
630
644
516
419
413
353
297
292
254
241
199
160
157
193
152
130
125
143
107
88
84
85
72
88
60
54
44
54
43
50
52
48
48
53
59
49
46
54
74
57
62
60
90
122
170
219
311
328
407
548
735
798
946
1108
1078
1142
1026
1064
1021
898
701
701
646
604
573
549
645
561
526
583
572
513
552
576
602
622
662
641
645
660
605
734
673
637
689
731
747
807
864
865
874
827
912
919
864
891
745
725
654
518
435
397
297
263
233
243
196
168
176
164
153
144
119
170
106
119
84
102
94
76
53
63
51
60
57
53
52
47
62
52
83
63
53
67
65.75
72
70.5
75
101
131
173
241
318
350
388
561
705
852
940
1120
1098
1131
1051
1088
982
1018
838
789
718
632
679
618
595
657
619
573
568
669
610
623
650
656
598
662
614
641
612
715
666
658
632
717
720
763
839
825
864
823
890
893
768
889
695
652
564
479
466
359
391
269
248
243
191
165
181
173
159
142
145
129
111
114
91
88
92
67
64
54
57
50
38
50
47
41
54
55
60
66
54
50
57
62
63
99
95
124
156
232
322
347
396
565
700
811
920
1099
1074
1115
967
1066
1094
909
820
754
710
699
676
639
613
638
541
597
637
578
621
659
608
691
637
665
651
692
697
703
705
719
744
768
795
879
823
814
841
935
863
939
880
823
730
694
610
506
427
403
363
300
255
270
217
207
164
175
161
172
132
154
123
140
121
94
101
99
72
60
62
59
59
56
51
64
42
64
52
63
50
58
64
65
70
84
117
118
166
249
310
322
419
534
737
786
832
1002
995
1076
983
1012
955
873
755
740
673
639
637
693
597
657
681
703
719
720
678
693
691
740
769
752
764
782
778
862
852
792
799
878
860
883
855
910
809
784
850
745
776
692
648
637
585
619
477
451
396
358
372
363
357
313
204
206
193
144
156
177
146
118
112
115
86
92
89
82
79
64
43
72
59
42
48
56
64
39
43
45
51
52
49
50
68
67
74
121
155
107
133
190
208
217
222
251
269
313
325
377
430
459
430
490
519
588
606
578
636
635
612
618
642
636
624
635
646
641
614
617
648
597
526
574
502
540
506
518
477
462
437
465
414
459
500
506
558
503
484
544
468
391
330
305
264
256
226
199
169
146
143
126
137
129
130
116
131
104
85
92
62
79
71
65
60
49
48
49
42
35
35
36
43
34
38
30
38
28.25
37
40
31
44
61
78
88
78
98
101
136
112
134
146
151
146
159
193
226
252
281
352
404
500
473
485
642
656
654
671
649
683
618
660
675
712
649
590
622
625
581
590
579
591
568
539
586
548
586
578
599
600
596
615
604
563
502
512
455
470
439
400
337
365
310
275
251
246
215
204
174
157
128
103
89
76
67
77
69
61
49
72
52
36
37
38
32
29
37
34
27
45
43
51
55
57
59
63
96
133
179
295
404
383
437
603
736
808
932
1048
1092
1146
952
1103
956
839
764
753
732
725
645
659
648
605
602
680
674
681
592
646
664
611
688
633
656
682
645
682
644
683
687
633
668
725
681
704
756
819
871
828
773
745
654
638
502
430
359
347
317
245
241
254
181
171
138
161
157
113
99
148
100
88
85
95
90
67
70
48
59
47
54
43
52
47
46
57
43
52
59
45
56
66
68
70
99
129
145
252
326
350
383
567
721
832
934
1040
1112
1120
1057
1075
978
832
768
751
715
660
654
630
623
647
597
585
599
611
611
637
631
644
666
696
666
700
633
667
609
665
705
724
709
785
777
838
855
874
866
882
790
820
688
685
560
487
420
396
340
264
238
234
192
45
51
50
55
46
70
65
59
47
43
72
79
107
137
147
233
305
320
398
567
767
816
939
1057
1062
1150
1114
1094
971
805
756
718
49
49
58
65
67
72
84
87
84
101
97
139
233
169
130
144
177
177
192
703
636
619
661
629
643
621
604
628
641
626
645
605
646
596
650
662
647
651
688
740
687
712
763
726
807
749
886
870
844
879
903
824
797
748
647
657
514
447
387
333
316
282
225
217
190
158
177
149
157
116
153
102
109
73
98
89
80
66
76
81
65
56
65
58
49
69
57
56.25
54
44
68
73
81
59
68
111
121
186.75
258
297
341
424
551
743
811
919
1024
1015
1195
1104
1037
949
861
731
767
724
659
687
603
657
620
629
664
648
609
661
632
663
660
647
693
698
712
688
653
672
686
730
801
791
807
823
844
846
860
873
884
859
864
729
668
634
531
491
449
385
329
280
289
253
218
200
188
190
151
132
172
148
137
133
111
103
94
68
77
60
50
47
65
49
71
63
57
51
61
57
53
65
67
72
76
108
115
172
228
287
295
366
531
705
790
848
939
936
1027
995
1004
870
817
793
694
666
678
724
737
728
713
631
665
735
794
744
789
739
809
758
796
742
760
819
895
807
804
881
795
870
795
871
938
851
880
844
830
800
786
726
683
697
632
547
524
475
383
284
295
272
233
213
198
205
129
164
185
151
133
134
100
112
84
94
86
66
70
53
71
52
41
56
49
54
53
51
49
50
44
43
66
62
72
74
123
154
135
169
192
246
209
236
268
271
306
317
328
421
392
390
464
504
562
560
596
663
690
678
656
669
696
622
733
685
676
691
703
653
662
612
551
531
483
468
506
479
469
492
490
474
472
488
516
489
462
540
491
406
398
369
350
292
247
211
210
185
185
153
114
134
100
125
106
102
106
106
81
74
75
82
68
87
63
69
63
56
36
34
34
24
27
29
36
33.5
25
40
18
37
71
51
66
107
73
101
124
143
117
120
99
148
174
166
194
282
238
306
365
437
489
546
559
577
655
642
642
614
656
600
571
600
572
540
592
552
597
528
531
504
480
496
551
562
562
565
597
578
648
563
585
604
542
558
527
525
456
382
396
380
350
326
283
235
217
208
184
153
156
138
122
96
104
104
75
92
79
72
51
59
50
46
60
37
37
23
40
33
45
38
46
58.25
63
66
88
115
146
173
315
364
367
432
637
698
847
943
1002
1098
1047
1113
965
926
851
694
701
699
696
697
654
709
673
667
707
702
673
689
725
660
715
688
749
774
694
679
706
675
658
716
742
752
800
807
836
793
826
857
888
766
793
712
637
585
458
464
388
303
300
256
240
201
208
140
181
187
124
120
143
108
95
85
100
72
62
72
68
49
57
57
45
42
43
48
56
44
44
47
58
65
62
47