101.12
100.77
106.48
115.5
114.45
113.54
114.2
113.68
114.5
113.64
110.99
108.79
109.29
107.8
107.18
104.75
105.68
106.65
109.14
113.08
111.33
111.88
112
110.89
111.88
112.57
113.18
110.31
112.02
110.25
108.7
110.81
112.02
111.55
110.02
108.43
107.69
110.51
107.78
108.79
107.45
109.02
107.73
115.9
110.81
111.79
107.8
109.05
105.1
106.26
107.86
111.29
111.82
110.28
115.19
110.47
105.96
108.53
106.52
105.88
105.02
110.57
106.82
106.72
106.51
105.56
106.33
105.26
107.14
103.89
113.64
111.43
109.08
110.01
109.69
110.99
110.96
109.93
112.43
109.65
109.74
108.33
111.41
109.18
109.06
107.76
108.81
108.63
110.85
107.12
109.17
104.44
111.11
104.76
100.67
106.03
97.83
104.96
100.56
103.67
96.26
93.75
94.65
94.53
98.48
100
96.31
95.38
94.25
97.83
95.87
95.24
96.01
99.71
97.83
100.08
100.1
102.4
104.49
105.57
102.97
105.76
106.65
106.55
109.21
107.36
106.69
107.41
106.03
109.45
109.45
109.45
110.2
109.15
109.08
109.66
108.68
109.39
108.59
108.67
108.48
110.04
109.48
109.08
108.86
109.47
108.55
108.55
108.55
108.08
105.02
101.63
106.17
107.5
106.28
107.94
107.37
106.7
107.37
107.46
107.3
108.26
107.86
107.18
107.55
106.84
109.18
109.25
108.12
109.13
109.24
107.17
106.7
106.35
105.34
109.62
108.28
105.73
106.62
107.73
103.7
106.06
105.45
104.32
105.34
103.71
102.08
105.14
103.45
101.17
100
99.16
102.19
98.12
101.74
94.74
95.24
97.1
90.55
93.22
94.61
95.97
96.98
94.62
95.22
93.82
96.36
102.21
96.12
97
97.11
97.57
99.44
100.68
102.24
101.28
100.51
102.67
103.93
104.99
103.84
106.12
106.53
107.24
106.84
109.1
108.13
108.93
107.98
107.36
107.05
106.36
105.72
105.61
105.01
106.12
104.82
105.76
106.6
105.92
105.55
107.86
105.04
104.18
105.35
107.1
105.63
105.12
106.53
105.7
107.58
107.78
106.4
107.16
109.06
108.03
108.19
108.19
107.28
106.84
107.39
109
107.53
107.73
107.51
108.38
108.81
109.72
107.68
108.93
103.73
105.87
106.99
105.23
107.69
105.37
103.64
105.18
102.96
104.52
101.57
101.99
98.06
103.48
98.6
103.65
100.16
98.86
97.52
99.52
98.18
101.42
95.74
96.39
97.12
95.64
98.18
95.1
98.35
94.71
97.69
94.74
99.21
97.48
96.56
97.83
96.22
97.48
99.65
102.35
103.19
103.34
102.42
104.83
105.67
104.76
102.88
104.88
104.49
103.65
107.69
109.68
109.62
109.4
105.68
109.89
111.07
112.32
109.57
111.36
114.1
111.69
110.01
109.96
111.63
111.26
112.22
111.21
112.14
113.05
112.28
111.59
112.07
106.93
108.75
109.2
104.75
106.6
110.44
109.62
108.34
103.32
102.16
102.75
104.36
110.5
104.15
98.3
106.27
101.94
104.86
98.75
102.88
94.74
102.66
98.14
101.55
98.22
103.23
108.15
103.66
105.25
104.96
102.87
104.66
107.41
107.02
108.87
112.15
108.37
109.46
109.96
106.56
109.22
109.13
111.3
112.67
111.75
110.61
110.88
112.67
112.26
114.66
113.25
112.42
110.99
110.7
111.55
110.99
109.56
110.96
112.82
112.85
111.48
111.95
112.65
109.68
110.02
110.51
110.82
111.26
112.14
105.47
107.23
106.23
107.76
105.78
107.08
107.93
110.99
111.15
113.65
112.43
111.5
111.82
112.97
114.27
113.68
112.3
112.77
114.31
110.54
114.23
113.78
115.13
114.83
112.82
113.91
113.55
113.95
113.11
114.17
113.11
114.2
110.89
112.58
113.14
112.71
112.21
110.44
111.11
110.47
109.77
111.32
109.93
109.08
109.45
109.14
109.38
109.97
108.07
108.04
108.54
107
109.72
107.95
108.79
106.56
108.34
107.12
108.46
106.14
104.94
107.57
106.86
104.03
104.63
98.57
100.56
102.87
100.9
99.63
99.11
99.88
97.23
97.83
98.36
95.99
96.64
96.77
95.49
97.69
97.46
94.54
96.44
98.25
95.01
97.41
101.57
103.53
101.66
103.06
104.91
104.06
106.21
106.18
105.44
107.08
103.82
103.29
78.15
47.05
30.34
42.59
108.38
108.24
106.08
105.31
104.6
104.47
105.65
105.7
104.05
104.21
105.93
103.54
105.5
103.52
104.17
104.01
105.01
103.47
103.56
103.53
103.53
105.34
104.23
104.54
104.38
105.35
103.51
104.19
103.94
102.96
104.75
104.65
106.95
105.14
105.02
106.12
107.18
105.14
107.53
107.76
105.1
108.71
106.56
107.32
105.19
102.95
104.35
104.51
106.79
102.77
102.95
104.18
104.47
103.84
102.47
104.92
101.07
104.47
103.19
100.47
100.82
98.05
99.2
95.69
95.86
98.74
99.66
95.48
95.13
96.95
95.81
94.22
94.38
92.78
96.49
93.55
98.72
97.94
95.22
94.15
95.83
96.49
97.09
98.53
103.78
102.05
103.58
105.25
106.27
106.3
107.85
105.5
106.14
106.23
107.07
108.77
107.71
108.25
108.25
107.33
106.22
105.39
103.69
104.68
102.77
102.66
104.76
104.53
105.13
103.82
103.78
104.97
104.77
104.43
105.26
104.13
104.65
103.51
103.4
104.85
103.63
105.88
105.15
105.62
105.72
107
105.81
106.46
106.07
106.07
105.78
105.34
106.37
106.76
108.07
108.55
107.5
108.8
106.14
106.99
106.12
106.88
103.41
106.07
103.94
105.12
103.64
105.6
103.02
103.59
105.08
106.23
106.94
99.78
104.25
102.4
103.72
100.74
98.41
98.44
99.08
97.58
98.02
97.36
94.98
96.63
92.23
93.31
96.74
94.61
96.27
96.12
99.87
94.31
96.95
96.23
98.37
95.89
99.67
100.48
102.89
102.16
101.73
105.94
106.61
105.14
106.37
105.78
106.01
104.7
107.03
106.64
109.33
108.15
108.47
106.81
106.55
102.66
104.86
103.93
104.36
104.36
102.49
104.59
104.9
104.93
105.16
105.42
105.42
104.98
105.25
105.8
104.94
106.99
106.48
105.93
105.19
104.87
105.78
106.88
107.68
108.75
108.12
108.74
106.88
105.45
108.11
105.93
107.69
108.02
107.16
107.9
105.05
104.23
106.8
105.73
101.72
101.78
101.21
100.96
101.63
101.63
102.82
100.7
99.24
100.91
96.75
100.67
98.87
100.19
102.27
98.73
100.29
97.26
96.92
99.39
102.37
96.81
93.78
97.06
92.85
90
95.19
93.75
94.83
97.09
92.88
94.92
95.37
91.35
97.52
95.71
96.23
98.02
97.37
102.21
101.79
101.67
103.45
103.02
104.61
104.66
103.21
101.96
101.71
99.62
103.02
97.46
103.18
104.99
104.02
103.33
103.45
103.47
103.57
102.8
102.86
101.89
104.31
104.86
104.02
102.09
103.02
102.03
103.84
105.01
103.35
104.09
103.33
103.76
103.59
104.11
105.78
105.62
104.51
105.76
106.38
106.36
107.84
105.78
108.36
106.94
106.94
106.74
107.4
107.39
107.71
109.33
107.86
108.7
107.91
107.12
105.7
103.28
108.88
104.66
105.63
105.2
102.59
107.14
105.08
104.29
102.6
105.42
103.65
100.73
105.78
98.65
101.74
99.8
102.88
98.2
95.9
98.49
98.05
96.37
93.18
93.65
94.67
93.54
94
95.88
93.83
98.57
96.08
95.34
97.42
97.21
94.9
96.68
95.68
100.76
101.56
101.78
104.23
105.08
107.41
106.82
107.6
107.68
108.38
106.55
109.57
109.73
109.14
109.32
108.46
105.8
107.09
104.8
106.33
105.09
105.01
104.88
105.77
104.31
106.48
104.97
105.86
107.39
106.67
106.51
106.93
106.31
106.48
105.51
107.4
105.96
107.42
108.15
108.39
109.66
107.82
110.82
108.6
109.2
107.91
107.41
109.41
108.36
108.36
108.54
109.64
110.2
109.08
110.02
109.2
107.87
108.37
111.08
108.96
107.55
107.16
108.41
106.13
105.71
105.57
105.15
106.04
105.4
105.67
106.03
102.62
107.94
105.86
102.39
101.81
104.49
104.65
98.15
99.83
99.71
101.36
96.11
97.61
96.58
89.08
96.16
94.05
98.04
96.17
98.78
95.61
94.24
97.19
101.34
94.8
100.02
105.08
105.81
103.75
105.15
107.5
106.88
103.69
107.49
107.23
108.13
109.18
109.57
109.88
110.11
111.36
110.69
111.34
111.83
111.15
110.47
110.96
111.97
110.44
111.18
112.16
111.22
111.79
113.29
112.05
113.08
112.56
112.36
113.85
112.54
112.65
111.43
113.69
112.05
112.68
111.65
113.02
112.43
113.67
110.71
113.22
113.32
109.3
110.59
109.06
108.41
111.4
111.44
111.76
112.91
110.69
110.05
111.11
109.34
108.53
109.52
107.98
109.48
110.27
107.77
110.33
106.8
107.5
108.76
109.02
106.09
109
112.63
108.53
112.15
104.09
108.91
106.89
105.52
108.11
106.32
106.13
98.45
111.26
103.06
106.27
100.86
98.9
99.66
98.9
105.61
104.9
106.33
101.49
101.19
101.25
101.88
104.02
104.9
101.8
105.61
108.51
104.93
101.64
104.52
106.57
108.95
105.63
110.31
106.28
112.29
111.34
110.88
111.79
114.37
112.4
113.04
112.77
113.11
113.58
114.47
113.36
113.51
113.15
113.08
114.81
112.65
113.26
113.09
114.78
112.99
115
114.55
113.44
112.82
112.15
113.32
114.21
114.39
114.75
112.25
112.12
110.86
111.66
111.36
111.12
110.4
112.4
112.57
110.88
109.64
108.81
108.37
107.46
107.16
107.98
109.89
107.48
108.43
105.96
104.53
106.27
106.35
104.54
107.16
102.82
104.48
102.41
102.37
103.27
103.89
101.55
102.68
102.08
97.2
102.06
95.22
94.54
90.78
98.36
93.54
97.3
98.79
92.78
98.39
93.98
96.06
94.92
98.55
97.52
101.16
101.86
103.33
106.24
106.37
105.51
105.91
107.81
105.71
106.3
103.48
104.15
105.53
75.43
59.85
106.76
107.22
106.66
105.57
106.61
104.79
104.77
105.02
104.36
103.81
103.19
103.56
104.58
105.39
104.97
103.83
104.31
105.68
104.96
103.97
105.78
105.31
105.32
105.61
105.08
105.47
106.53
106.53
107.13
107.59
107.59
106.88
109.85
107.23
107.59
108.56
108.84
108.3
109.3
108.96
107.67
108.72
108.43
106.18
107.02
104.63
107.75
106.56
103.1
107.16
104.81
107.85
107.46
103.38
105.03
101.31
104.77
103.08
101.5
102.2
103.32
100.72
99.02
101.42
97.19
98.3
95.95
93.16
94.18
93.14
94.94
92.81
91.84
95.64
96.31
95.44
94.77
96.32
98.06
93.45
95.8
96.15
97.62
100.81
103.56
104.12
104.71
105.65
104.92
104.82
106.04
108.02
106.27
106.6
106.61
106.38
107.59
108.25
107.49
105.61
105.73
106.81
103.15
103.53
102.94
103.27
102.61
104.59
103.75
103.5
104.66
106.02
103.21
104.51
104.8
104.75
105.56
105.71
106.32
106.33
105.63
108.2
105.66
107.85
107.19
107.57
106.94
106.89
108.12
107.76
105.86
106.48
108.43
108.36
108.53
107.68
107.72
107.22
108.5
107.82
108.36
107.39
103.65
108.16
101.06
104.59
103.9
104.02
105.52
106.75
103.79
102.6
100.48
103.32
99.29
100.61
96.63
98.92
96.6
98.48
100.28
96.1
97.3
94.94
95.74
97.67
92.78
97.2
94.88
93.64
94.48
95.11
95.28
97.06
97.21
96.68
95.78
96.96
96.59
99.61
102.05
100.41
102.05
104.01
104.36
105.72
106.09
105.18
105.23
105.1
106.69
105.8
107.27
108.45
107.49
106.51
107.16
104.98
104.61
104.57
105.81
102.24
102.75
102.61
104.53
103.84
103.72
103.56
104.37
103.5
106.48
106.22
104.65
105.01
104.77
105.49
105.29
105.93
106.4
106.99
106.67
108.25
106.98
107.41
107.33
106.79
106.3
106.33
108.74
108.76
109
110.47
108.93
109.4
105.02
108.74
108.77
105.5
109.77
106.46
107.41
104.44
103.37
105.87
103.02
104.53
101.72
101.96
102.7
101.83
98.31
99.43
98.49
97.95
96.03
95.99
93.26
94.17
95.1
93.04
96.09
91.6
96.16
95.53
90.81
96.35
97.01
96.21
95.56
94.24
96.87
95.44
97.39
97.66
97.24
101.79
102.65
105.26
104.91
105.56
107.31
107.85
108
105.94
106.19
107
106.51
107.09
106.37
108.46
108.03
105.87
106.35
105.03
103.65
105.14
104.88
103.32
103.62
104.7
104.41
105.15
104.48
104.75
105.55
104.98
106.17
106.21
105.53
106.47
104.86
107.04
106.53
106.72
107.87
107.87
108.08
110.17
109.46
108.17
108.29
107.99
107.63
108.76
107.95
109.64
106.98
107.3
107.23
109.93
108.21
107.76
109.62
107.21
111.41
103.34
99.21
105.29
109.61
106.23
103.96
108.36
103.52
108.6
104.64
104.87
105.97
100.9
104.09
101.32
99.37
100.55
101.88
99.39
96.21
97.42
94.05
89.45
96.24
93.72
97.36
94.76
94.04
93.26
98.47
95.02
97.9
96.26
98.57
99.5
98.2
98.19
103.16
102.09
106.08
105.5
107.16
106.88
106.21
106.57
106.51
106.57
108.99
108.75
108.13
109.28
106.67
107.03
106.82
104.93
103.84
104.34
104.4
104.13
104.81
105.7
105.91
106.52
105.47
106.75
107.08
107.89
106.77
108.08
106.91
106.53
108.23
106.3
108.76
108.16
109.09
107.22
109.48
109.81
110.71
109.92
108.19
108.32
108.26
108.42
109.2
110.27
109.21
109.56
111.65
109.12
109.52
108.51
108.42
109.3
109.14
109.73
107.39
105.49
105.04
104.38
106.08
106.27
105.73
105.02
106.66
105.82
108.87
106.24
105.75
101.68
98.49
103.06
104.79
101.81
100.26
100.33
96.08
95.32
97.33
97.75
99.68
96.58
100.32
94.87
97.07
98.9
102.4
98.16
98.33
98.64
103.42
100.41
105.49
104.18
106.53
105.04
105.77
108.49
105.41
106.66
106.74
109.81
107.28
109.09
110.5
111.77
111.15
109.86
111.47
111.95
109.81
112.85
111.65
113.24
112.35
111.77
111.76
109.66
112.04
111.83
114.47
112.23
113.55
113.14
111.33
112.8
113.09
114.62
114.46
113.39
113.49
114.43
115.05
116.08
113.12
112.63
112.02
111.66
111.34
111.25
111.3
111.33
112.39
111.03
112.15
113.25
112.47
111.9
111.75
111.93
111.91
112.22
110.33
109.17
108.5
109.7
110.5
111.68
109.86
111.11
107.82
106.67
109.2
107.05
110.25
110.59
111.36
107.35
107.03
103.62
103.12
107.18
101.94
101.79
105.01
106.3
100.28
103.62
100.4
98.9
98.84
105.71
106.22
105.32
103.54
100.74
102.15
104.07
103.94
110.17
105.99
105.18
103.73
106.38
103.91
105.44
104.6
103.34
105.42
109.62
110.04
109.81
110.24
111.25
111.94
112.05
112.91
112.01
111.28
111.03
111.76
111.76
113.01
111.84
111.95
112.64
114.36
111.7
113.88
114.72
114.3
112.85
114.17
114.03
112.78
112.87
112.87
111.9
112.16
113.42
113.51
113.59
112.74
113.25
111.33
110.08
110.46
111.04
111.61
111.9
111.19
112.68
112.14
110.59
112.3
112.46
110.39
111.41
111.33
111.33
109.81
107.89
107.94
106.96
109.08
104.7
110.88
106.46
108.07
104.31
102.61
107.82
104.96
106.88
104.72
96.09
100
103.19
98.16
104.07
97.61
102.04
98.94
97.95
99.45
100
97.61
95.61
98.33
100.48
100.02
100.5
103.34
104.79
105.91
107.51
105.66
105.46
105.13
105.1
104.94
105.44
106.47
105.2
105.28
104.49
105.1
105.61
105.6
104.13
104.76
105.32
105.01
107.77
107.35
106.9
106.88
106.38
107.49
106.65
106.69
106.36
107.51
108.26
108.1
109.66
108.74
107.26
107.03
106.96
105.36
105.23
105.4
104.87
104.41
102.54
104.07
105.67
103.83
105.29
106.08
105.94
106.18
108.06
108.26
108.3
109.18
107.54
104.12
104.59
106.35
106.71
106.13
103.53
102.77
104.69
104.29
104.01
104.05
105.71
100
102.51
101.33
104.74
100.03
98.93
100.18
98.98
101.61
96.74
97.56
91.56
96.47
96.75
94.77
99.87
96.18
99.92
94.21
95.33
94.56
96.38
97.2
97.69
95.59
95.95
94.6
97.8
98.1
99.73
101.53
102.89
104.05
105.94
105.03
106.48
105.76
105.28
105.66
106.26
107.03
107.35
108.59
107.27
108.07
106.19
106.66
105.83
104.7
104.47
103.42
105.41
104.02
104.66
103.93
105.2
104.69
107.26
104.99
104.68
105.57
108.19
105.52
104.55
105.12
106.02
106.19
107.28
107.94
104.91
108.71
108.17
107.95
109.26
107.76
106.48
106.81
107.05
106.55
109.24
108.63
108.63
107.54
108.03
106.84
108.64
107.58
105.35
103.95
103.69
104.53
104.12
107.02
103.99
100.13
101.41
102.4
102.92
101.4
100.58
98.39
101.72
102.69
100.77
104.65
96.82
96.57
99.44
94.11
92.73
98.17
96.4
93.28
90.99
98.65
94.47
93.69
94.45
96.44
94.92
96.9
96.23
98.23
96.07
98.27
102.9
102.94
103.56
103.62
106.74
106.35
108.23
105.93
104.8
105.46
106.51
101.18
107.91
106.57
109.33
107.53
107.3
107.32
106.36
104.65
105.03
105.02
104.48
104.42
102.89
103.51
105.29
105.76
104.92
104.93
104.91
104.57
104.77
104.31
106.08
104.87
104.8
104.14
105.89
106.11
104.72
108.04
106.82
108.08
108.41
108.95
107.48
106.38
106.16
105.44
107.22
107.07
107.64
110.02
108.36
105.91
109.24
106.03
108.33
107.02
105.58
105.61
102.92
101.61
104.07
104.66
103.13
105.8
106.17
104.79
101.49
105.84
102.55
102.03
102.03
99.93
107.26
96.54
93.93
96.58
95.86
95.78
94.55
90.74
90.91
95.47
94.92
93.98
96.73
94.9
96.84
97.2
95.65
95.74
97.89
97.54
99.47
104.09
104.99
104.71
104.88
106.33
106.28
106.08
105.13
105.68
107.3
105.86
109.25
107.63
107.35
103.62
103.78
104.11
99.62
102.88
101.8
101.18
102.89
101.35
103.62
102.68
102.99
104.01
99.88
101.32
104.38
103.08
105.04
104.44
104.77
103.69
103.99
103.96
104.74
105.21
103.99
104.54
107.57
105.55
103.26
106.9
107.12
104.65
104.3
106.24
106.16
106.8
107.14
107.02
106.04
105.55
107.8
106.13
106.52
107.45
104.36
100.84
100.33
100.96
101.45
104.68
106.82
107.77
104.76
103.45
103.37
98.2
104.07
99.29
102.17
98.84
98.52
101.2
96.59
99.94
97.72
95.83
95.31
94.18
97
97.33
94.97
95.7
95.54
100.39
100.67
97.8
94.89
98.04
98.19
98.53
99.91
102.32
102.7
104.35
103.95
105.98
107.71
106.69
105.35
106.51
108.38
107.53
108.56
107.97
106.7
107.44
106.33
105.49
105.14
106.24
105.68
105.4
106.37
104.8
105.35
105.56
106.58
105.76
107.04
105.5
107.64
108.16
107.27
106.96
106.43
109.01
108.67
108
109.06
108.5
108.67
109.22
109.54
110.08
109.94
106.41
106.88
107.9
107.18
108.15
108.34
110.11
107.73
104.07
101.76
101.28
102.48
102.59
102.79
101.8
102.87
102.85
103.97
102.53
101.27
101.51
102.4
102.74
98.44
96.65
95.07
102.24
104.11
101.76
105.39
103.9
109.21
102.63
101.86
98
98.52
97.47
98.71
96.03
96.21
101.07
96.24
97.12
100.93
94.79
98.59
94.86
94.69
96.09
98.66
97.37
100.03
105.42
105.71
103.09
101.72
106.17
105.21
102.8
108.74
108.3
107.16
108.02
109
109.62
112.11
110.44
110.33
110.09
110.73
111.52
111.08
110.51
110.86
109.48
112.77
112.4
112.22
111.79
113.08
112.05
114.37
110.84
111.66
109.74
109.13
88.56
94.4
104.38
108
110.55
109.48
110.74
110.82
110.58
109.46
109.84
103.08
103.13
105.28
103.78
106.06
106.17
104.07
109.1
109.25
107.59
109.69
108.47
105.8
107.04
105.88
104.02
107.26
106.99
106.69
106.33
108.38
107
102.85
104.94
104.43
106.65
106.06
106.04
105.46
106.03
109
103.99
107.54
105.14
105.61
103.54
101.24
104.65
102.73
105.04
101.47
99.8
102.11
96.69
103.45
99.52
102.83
102.77
96.16
101.12
105.14
104.52
104.74
102.6
105.81
105.05
103.91
110.02
108.12
106.91
109.4
108.04
107.35
108.28
110.61
108.6
109.58
108.89
108.45
104.14
104.34
103.97
103.58
103.93
102.32
102.19
106.04
107.13
108.72
109.81
109.3
109.44
109.65
109.41
109.65
110.67
111.26
110.28
111.8
111.23
111.37
111.7
112.04
110.65
111.15
111.1
110.54
111.04
109.46
109.74
109.62
110.25
111.29
109.54
109.65
110.62
109.22
109.61
106.12
107.69
109.3
108.54
109.02
108.8
101.06
103.48
102.58
101.26
103.5
103.73
102.03
101.65
105.93
103.52
100.35
101.83
102.17
103.38
105.07
105.2
104.65
107.13
106.02
105.71
104.91
103.93
97.57
92.64
102.9
106.35
107.1
106.71
106.7
103.45
104.18
103.71
102.24
104.37
104.69
105.51
103.33
103.01
106.67
104.74
105.76
104.25
94.81
100.54
101.41
99.8
97.13
98.66
94.58
100.48
99.7
96.73
96.26
95.31
99.63
98.36
100.36
100.2
100.22
101.12
98.93
104.47
104.96
106.14
103.7
104.68
104.76
105.35
105.96
105.08
105.23
105.65
105.05
108.23
106.77
107.16
107.05
106.21
106.72
108.77
106.58
107.69
108.26
108
108.29
106.51
108.1
108.13
106.08
108.19
105.37
105.98
105.14
107.84
108.55
104.72
104.68
106.03
104.92
106.32
104.26
100.44
95.06
92.78
93.28
94.02
92.15
90.32
90.47
93.75
95.74
93.19
93.75
91.84
98.43
91.35
91.84
91.21
87.38
89.11
87.38
90
92.78
97.22
97.62
97.54
96.26
97.05
101.02
103
102.62
104.44
106.84
107.69
106.7
107.16
104.3
104.72
105.19
106.43
106.23
106.4
104.25
104.83
105.77
104.77
103.88
105.25
104.71
110.11
105.37
104.68
103.41
102.76
103.25
104.19
104.61
104.76
103.76
104.63
105.8
105.82
106.23
105.91
105.2
106.27
106.84
106.57
106.4
107.97
108.62
108.83
107.46
109.2
108.45
106.77
107.32
107.78
106.76
106.84
107.85
109.05
108.19
110.2
109.41
106.26
105.36
106.13
104.12
104.49
96.67
94.34
95.53
92.4
95.26
100.39
98.89
103.15
101.18
100
98.67
96.77
98.24
96.92
97.2
97.4
99.25
92.78
95.19
99.22
96.24
94.26
92.24
93.08
90
89.51
90.91
90.91
90.72
93.64
98.29
98.7
98.78
97.01
100.03
102.03
103.47
104.68
107.18
107.53
107.17
106.43
106.22
106.98
107.07
106.99
108.19
108.49
107.89
107.48
108.03
106.98
105.46
105.45
105.15
103.65
104.82
104.47
103.08
105.46
105.42
105.16
104.99
103.35
102.7
104.05
107.14
107.22
106.06
106.17
106.41
106.42
106.95
106.01
107.46
108.34
109.02
109
107.99
110.91
108.29
107.27
108.17
107.21
109.13
109.05
109.14
110.77
109.97
108.13
109.68
108.3
107
107.91
107.09
108.49
106.91
105.13
105.51
104.83
103.84
107.62
101.24
105.57
103.75
105.13
106.02
104.69
99.37
102.23
103.59
99.59
95.41
95.74
93.14
94.94
92.19
90.91
96.98
94.37
96.19
94.28
95.8
96.68
93.24
99.55
97.85
97.06
99.47
98.99
100.89
104.05
104.79
106.67
106.52
108.67
108.76
108.72
106.27
106.45
107.85
106.89
107.19
107.24
107.12
107.62
105.6
106.32
106.77
105.5
104.97
104.71
103.28
105.94
103.42
105.1
104.09
104.58
106.96
106.11
104.72
104.19
104.07
105.94
105.72
104.3
105.62
105.18
105.88
107.86
105.62
107.24
107.13
107.62
107
107.03
106.74
106.48
105.18
107.02
108.2
108.77
107.99
106.5
108.2
109.82
106.95
107.63
106.7
107.68
109.64
109.61
105.5
107.45
107.04
106.35
106.43
109.06
104.26
104.86
103.25
105.57
102.23
105.52
102.41
102.48
101.96
99.32
99.45
96.26
95.19
98.53
96.06
94.39
92.97
94.78
95.86
93.47
97.26
99.02
104.3
97.75
97.3
96.02
98.99
98.47
100.54
101.82
104.05
104.31
106.36
106.72
106.74
106.21
106.95
107.44
108.33
108.15
108.91
107.78
108.15
107.49
106.86
107.24
104.59
105.2
104.12
106.14
105.75
105.26
105.53
105.32
105.8
107.24
106.95
106.64
105.32
106.14
104.85
105.91
105.76
104.59
105.03
101.99
102.21
102.8
100.68
100.76
101.28
101.21
98.7
98.71
98.18
99.5
103.56
103.59
105.37
105.76
106.18
105.81
107.18
108.08
109.32
106.67
105.44
106.9
104.9
106.46
108.47
104.87
105.2
107.58
103.81
107.41
104.52
104.63
105.51
103.82
101.33
103.73
102.9
99.73
105.12
105.68
105.86
105.88
101.27
104.12
96.62
99.7
97.34
96.23
93.67
94.01
99.01
97.74
96.08
95.25
102.87
96.98
97.92
97.01
100.28
105.82
102.33
103.42
103.95
105.65
105.83
104.18
109.02
107.55
108.3
109.36
106.41
113.32
111.55
111.63
110.93
108.64
110.48
111.08
111.54
110.85
110.67
110.8
113.18
111.06
111.06
112.8
111.62
111.8
112.81
113.01
111.83
112.91
112.65
110.05
110.33
111.88
111.68
110.67
110.86
112.49
111.57
112.95
112.02
110.04
107.75
107.02
106.56
110.61
107.98
109.69
111.79
109.97
110.32
108.51
110.16
108
109
103.93
109.56
100.38
94.42
96.82
94.92
93.85
95.49
94.78
98.02
102.09
105.93
103.19
103.42
104.8
102.89
105.35
105.5
105.19
106.48
106.13
104.47
105.55
101.19
95.74
97.19
93.58
94
92.24
98.75
99.39
103.56
105.01
104
101.42
95.41
103.59
104.29
105.75
104.01
105.07
103.28
105.68
102.7
108.06
106.24
107.35
106.32
105.8
107.28
108.32
110.95
109.06
110.09
109.02
113.24
110.23
110.82
110.82
112.63
109.89
111.68
112.07
111.33
113.01
111.57
111.15
111.86
111.22
111.11
113.44
111.57
112.5
111.57
112.65
111.44
112.77
112.9
112.58
114.14
112.3
113.49
113.01
113.04
111.77
110.57
109.33
108.51
108.13
110.4
111.15
110.86
108.84
108.43
107.62
110.23
108.55
109.46
111.1
109.72
108.79
108.91
110.32
109.22
112.46
109.2
112.46
105.57
104.98
108.38
104.75
107.48
105.98
101.57
103.1
96.77
96.02
99.91
101.6
101.69
98.77
101.91
101.82
99.11
98.7
94.74
96.77
97.92
97.02
98.41
99.73
101.76
104.01
106.01
105.23
105.23
106.53
107.1
107.63
107.3
107.5
106.61
107.54
61.05
34.3
37.61
72.23
100.65
106.55
107.27
106.13
105.46
105.35
104.96
104.7
102.76
103.22
103.27
104.44
104.79
103.39
105.86
104.72
106.9
104.44
104.47
104.05
106.93
105.09
104.17
105.5
104.42
105.4
105.51
107.33
107.14
107.89
109.09
108.12
109.92
108.24
108.58
107.36
106.98
108.58
109.89
107.18
106.7
106.48
107.08
108.95
106.86
106.76
105.44
102.59
105.05
104.71
104.79
105.34
106.16
103.44
103.25
104.12
104.43
98.38
102.85
102.41
102.56
100.66
99.15
97.13
97
100.11
95.18
95.58
98.58
95.22
96.57
101.06
95.21
93.24
96.56
99.67
96.77
99.8
96.36
96.54
99.3
98.53
99.04
102.69
103.91
104.01
105.93
105.02
107.4
106.27
105.36
106.24
105.98
62.43
55.76
105.51
107.35
105.24
106.28
104.98
106.93
104.03
102.45
94.27
104.69
106.71
102.77
106.7
104.87
104.51
105.91
105.71
105.91
105.5
104.98
105.61
105.45
105.58
104.86
103.78
103.64
104.72
106.82
107.62
106.94
107.48
107.99
107.87
109.01
107.59
107.98
107.22
107.12
108.74
107.1
107.71
108.77
105.51
106.86
108.5
105.14
105.98
106.76
105.57
105.83
104.92
106.01
105.56
102.25
105.6
104.15
103.02
103.18
105.26
99.67
103.45
98.54
98.37
94.8
94.41
96.21
91.18
95.64
93.24
96.55
95.07
98.83
96.17
93.48
94.74
95.19
97.05
96.47
93.54
96.22
96.22
97.94
96.55
98.65
100.33
103.12
102.24
105.19
106.98
105.83
105.84
105.71
98
57.45
57.55
59.07
71.23
105.96
94.59
92.14
105.18
104.41
103.64
104.87
102.86
103
102.54
104.24
103.15
103.21
103.94
103.07
102.45
103.58
103.65
103.99
101.73
101.44
101.52
102.44
102.9
103.32
103.2
105.1
104.86
106.41
105.53
105.13
101.19
102.61
102.96
103.29
101.56
100
103.7
104.32
105.42
105.34
106.02
104
106.42
106.18
104.32
104.55
106.57
103.4
102.88
101.67
102.73
102.89
102.41
103.7
103.1
101.73
101.29
103.82
100.45
99.15
102.17
99.97
95.81
95.38
96.07
95.61
94.09
91.02
90.09
92.94
92.4
95.42
93.84
93.59
97.36
95.61
94.96
93.86
97.91
97.47
96.98
99.69
101.84
103.59
102.97
105.13
104.74
109.45
107.78
108.26
107.36
106.99
107.49
107.86
106.32
107.53
107.41
106.81
104.65
103.57
103.81
103.57
104.65
104.26
103.77
102.67
102.81
105.07
103.99
104.32
104.47
106.66
104.61
105.92
105.44
104.19
105.6
105.44
105.42
106.6
105.45
106.93
105.16
107.31
107.6
108.64
107.36
107.89
103.59
104.02
106.41
105.71
102.52
102.42
102.87
104.19
103.21
105.39
104.02
102.1
101.9
102.72
101.08
105.19
102.76
101.76
102.17
98.96
99.33
99.88
100.75
100.95
100.52
99.37
102.76
98.04
102.32
99.04
98.24
97.68
98.93
97.4
92.54
93.75
93.64
93.46
95.67
94.09
95.69
94.13
98.74
96.49
95.81
94.49
99.12
97.36
96.77
99.1
102.09
102.75
102.75
103.45
104.49
106.76
105.55
105.23
107.17
105.04
108.43
107.98
107.41
105.82
106.48
105.09
105.12
106.72
104.2
104.03
102.16
103.07
104.38
105.1
105.78
104.26
105.96
106.23
105.73
105.66
105.14
105.52
105.21
106.43
106.9
104.76
106.91
107.8
106.14
108.04
108.88
108.51
109.94
109.7
109.68
108.53
109.8
109.77
108.37
108.33
109.32
107.28
105.87
108.56
106.69
108.46
109.32
109.58
108.47
110.09
106.79
109.41
107.97
106.42
107.33
107.68
106.27
105.35
105.02
107.35
101.99
104.41
103.72
101.08
101.79
103.4
104.23
102.33
99.3
96.31
98.52
93.67
94.17
99.58
93.75
99.81
95.98
96.87
96.04
101.73
101.12
94.01
97.91
96.69
100.72
100.12
103.63
101.61
101.21
105.15
101.68
107.6
107.03
106.88
106.86
106.94
106.76
108.85
110.31
109.46
110.86
109.84
110.85
110.85
109.8
109.16
110.31
108.89
111.57
110.69
111.28
109.88
111.68
110.27
110.19
109.97
108.72
112.5
109.94
110.24
110.58
110.96
111.36
110.99
112.22
112.82
110.35
112.19
109.29
109.58
111.26
108.85
107.28
108.7
108.3
108.97
109.53
109.94
108.28
107.5
106.42
106.12
105.29
105.19
105.58
107.03
106.31
105.09
105.5
105.52
106.03
104.37
103.57
102.53
101.59
101.96
102.21
103.63
101.56
101.78
99.24
98.51
102.33
98.18
102.27
99.39
100.7
102.99
99.12
104.11
100.96
101.56
101.41
100.41
104.21
97.83
102.95
103.45
104.86
97.3
96.77
98.94
105.56
105.15
98.52
102.8
100.95
101.88
103.46
105.15
104.98
107.03
104.25
103.77
108.8
107.97
106.36
109.69
108.43
109.2
107.8
107.19
110.17
109.66
107.99
109.2
108.63
108.58
109.64
109.68
111.26
110.52
111.34
112.19
110.89
111.39
108.97
109.88
109.6
110.31
102.69
111.3
113.48
111.43
112.21
113.18
111.83
113.12
112.4
109.3
108.12
110.54
109.2
110.5
109.86
108.42
108.1
108.64
109.26
110.09
108.29
111.55
109.61
108.71
108.03
107.22
107.97
108.13
105.23
107.28
108.55
103.9
104.69
105.61
102.23
106.09
105.03
100.72
98.49
99.32
100
98.09
98.45
103.06
96.65
99.58
93.3
99.77
97.61
96.81
99.49
100.22
101.89
99.36
99.68
100.01
102.55
104.25
105.03
104.31
105.21
106.79
106.24
107.85
108.45
107.9
109.33
110.05
108.24
109.34
106.67
107
107.51
106.45
106.93
106.4
106.7
106.06
106.19
103.89
103.35
103.19
103.08
106.26
102.95
104.72
107.18
104.88
103.47
107.16
106.64
104.8
106.18
107.14
106.19
105.28
106.77
106.61
106.45
106.9
108.02
109.22
110.19
109.64
108
106.67
107.36
105.56
107.22
107.23
108.21
108.11
106.37
106.58
107.75
106.36
106.08
105.71
106.46
104.53
103.28
105.42
104.35
104.01
103.57
105.34
102.97
101.55
103.79
104.91
101.81
96.67
101.35
96.39
97.98
94.79
100.59
98.43
97.86
95.33
96.12
91.75
93.19
95.04
93.16
98.09
94.27
97.64
94.29
94.78
96.32
99.39
98.68
99.72
100.95
103.42
104.76
104.58
106.02
105.04
105.31
105.65
107.58
73.98
78.15
104.47
82.97
103.7
101.42
98.06
98.87
98
97.35
99.29
98.51
97.99
98.78
98.86
100.44
101.13
102.21
102.2
102.95
103.27
104.65
104.55
104.25
104.35
102.58
103.46
101.75
104.79
103.73
104.83
104.44
104.85
105.47
104.96
105.26
107.9
108.53
106.62
106.28
106.71
105.82
88.02
98.98
101.55
101.61
103.31
104.59
103.84
101.02
103.79
103.32
101.55
104.65
103.02
101.43
103.42
104.49
106.71
108.68
109.36
108.3
105.81
100.38
101.34
100.93
94.64
92.65
94.5
94.37
97.16
94.21
99.32
97.57
96.63
92.27
95.02
93.98
95.97
94.11
94.05
94.28
95.21
94.87
95.82
97.74
98.98
101.21
100.4
103.05
105.02
106.06
107.32
106.88
106.79
107.26
104.25
106.61
106.32
106.42
105.75
106.51
106.03
105.39
105.13
102.37
100.86
104.3
101.8
103.12
103.07
101.96
100.17
99.21
99.43
99.39
98.75
99.93
98.46
98.76
99.87
101.12
100.83
100.74
101.12
98.2
100.11
101.75
103.31
103.18
100.83
102.49
100.78
101.74
98.41
96.84
97.15
94.89
90.81
89.82
90.27
93.16
95.68
95.43
93.05
93.31
96.38
95.03
95.07
95.44
97.37
97.98
95.44
100.25
99.29
99.12
99.08
94.74
92.39
97.85
96.51
95.81
95.62
94.24
93.4
94.51
95.95
91.23
92.39
92.89
94.89
93.29
91.7
94.92
100
93.58
95.61
95.74
93.24
96.62
94.87
96.45
100.67
101.27
103.9
103.2
105.08
105.13
108.13
107.19
107.23
109.1
109.44
109.38
107.99
107.41
107.98
106.71
104.8
105.84
103.9
103.38
101.69
105.77
103.62
102.35
101.78
103.56
103.75
103.27
104.63
103.31
103.22
103.53
103.83
102.77
103.83
103.47
103.54
102.69
105.19
104.28
104.77
106.36
104.74
104.8
107.53
108
108.16
107.8
107.23
106.13
107.69
106.56
106.86
107.17
107.45
106.46
105.51
104.79
104.88
103.4
103.54
104.2
107.16
106.12
106.65
104.38
101.75
98.31
86.83
92.22
89.31
88.27
91.71
83.46
84.44
86.76
87.23
84.95
81.86
84.95
84.29
83.35
88.72
88.64
86.29
82.49
87.53
87.24
84.4
85.04
85.76
89.59
94.14
93.95
95.51
96.92
101.6
100.66
102.2
105.25
105.61
106.12
107.1
108.16
107.54
109.24
109.77
108.5
107.82
109.22
106.9
107.9
107.16
105.97
107.3
104.99
106.13
105.58
103.78
105.72
106.18
106.18
105.73
105.41
106.81
106.23
104.52
106.19
105.32
105.12
104.54
104.23
106.18
102.39
104.7
102.73
103.72
101.31
102.47
103.96
105.29
104.74
102.18
101.26
104.08
102.85
104.54
106.21
106.51
107.14
104.65
104.41
104.92
106.5
107.91
107.05
105.96
101.89
102.3
98.36
87.36
90
90.91
90.91
96.77
91.87
95.74
96.77
91.81
92.78
90.91
92.78
91.84
94.74
93.75
90
87.38
88.24
88.24
84.11
90
88.24
87.46
86.54
88.79
94.71
94.34
95.55
92.66
98.39
91.84
98.71
96.61
98.4
98.44
97.75
101.66
100.61
104.79
103.71
106.4
103.05
104.66
103.95
105.51
105.5
106.47
107
107.59
108.25
109.36
108.51
108.87
106.7
108.41
109.41
107.87
109.82
108.36
109.05
108.84
108.55
109.6
109.93
109.38
109.04
107.97
108.85
108.2
113.28
111.37
109.54
111.21
110.95
111.46
112.47
112.12
110.84
110.44
111.5
111.75
111.36
110.5
108.2
107.69
109.65
108.87
107.9
108.26
103.89
111.25
107.07
110.78
106.88
106.11
109.77
101.56
97.86
93
95.5
93.02
95.82
98.84
102.1
100.6
102.38
103.38
102.18
98.54
101.74
104.17
103.59
101.66
103.94
104.11
96.85
105.41
101.5
104.35
98.9
101.86
98
101.81
105.88
107.72
104.98
99.9
98.02
103.09
103
102.01
107.71
103.35
105.39
105.99
111.08
110.25
110.55
108.49
107.91
105.83
109.54
109.86
110.48
111.46
110.89
112.63
111.76
111.03
111.34
111.28
111.57
111.58
111.22
111.48
111.15
112.33
112.22
112.3
113.34
112.15
111.34
111.46
111.52
111.02
112.92
114.2
113.81
112.43
111.17
112.56
112.32
112.37
113.19
112.9
113.67
113.19
114.26
113.68
109.86
111.32
110.44
111.98
113.26
110.81
109.76
112.07
110.31
110.7
109.53
110.48
111.12
109.7
109.66
108.26
107.97
107.81
105.98
104.77
105.05
107.84
102.52
106.13
103.9
102.51
105.31
103.9
97.5
102.18
99.05
95.7
90.68
102.59
89.11
98.77
98.68
96.56
99.11
102.41
99.35
98.66
99.84
102.3
104.9
103.84
107.05
106.9
105.46
107.24
106.31
106.67
108.19
107.98
107.36
109.28
107.63
109.25
107.17
106.46
108.42
107.64
106.84
106.71
104.76
105.32
105.47
105.28
104.53
104.68
103.63
103.41
106.09
104.92
103.6
104.02
103.78
104.23
106.22
104.99
107.1
105.58
106.18
104.82
107.24
107.9
106.8
107.08
107.69
108
107.45
108.97
109.82
108.81
107.82
107.5
108.13
109.85
107.8
108.07
107.44
107.33
108.28
107.69
104.75
105.55
106.09
106.98
94.49
94.74
94.36
93.63
92.19
93.46
98.35
99.77
100.76
100.06
101.24
98.92
96.7
98.45
96.19
101.12
96.13
95.74
94.74
95.1
94.37
92.78
95.32
90.41
90.91
92.78
94.53
92.78
96.05
92.49
98.11
96.82
100.25
101.24
104.34
103.08
106.3
106.4
106.74
108.59
108.63
108.06
109.14
108.24
107.87
108.08
109.72
109.7
108.17
105.71
106.8
104.65
106.66
105.4
105.04
106.77
105.4
106.77
106.04
105.92
105.28
104.83
104.31
105.72
105.47
105.84
105.99
103.39
105.08
105.84
105.26
106.6
106.65
106.62
106.38
105.94
105.4
107.24
108.15
109.53
109.02
106.5
109.04
109.2
107.17
108.47
109.02
108.92
108.03
107.81
106.11
108.36
107.24
108.28
106.98
104
94.44
94.22
96.11
95.92
99.73
100.5
98.98
99.27
101.91
100.64
101.33
102.74
96.02
97.72
95.52
96.17
97.86
95.03
91.84
91.71
94.74
94.74
91.84
95.09
94.74
95.74
90.91
90.91
88.24
88.24
91.11
92.17
92.46
99.84
104.2
103.75
105.92
106.32
106.66
107.1
106.98
108.8
108.8
108.13
107.62
109.05
107.09
108.51
108.12
105.92
107.89
106.61
104.8
104.93
104.63
105.31
104.92
104.25
104.97
105.78
104.32
105.45
104.8
106.4
106.41
106.62
104.75
104.69
104.99
106.01
106.17
106.82
108.63
107.41
108.17
107.6
108.19
108.28
109.68
109.53
110.11
109.17
107.8
107.55
107.8
109.26
107.19
109.32
108.33
108.84
107.81
109.74
106.36
101.08
103.25
100.11
104.55
101.32
102.35
102.97
104.94
104.29
104.47
104.18
101.94
101.17
103.99
104.41
103.96
99.04
100.84
103.77
99.35
98.22
95.04
100.56
93.99
90.74
97.6
96.95
96.8
92.51
98.32
93.79
97.96
94.78
99.01
98.02
97.57
98.97
103.37
103.82
104.01
106.4
106.14
106.62
107.16
107.53
108.08
108.45
108.33
107.67
108.54
106.58
106.69
105.05
103.99
103.35
102.48
103.32
102.9
103.73
103.53
97.32
104.51
104.83
104.23
103.41
105.16
104.7
106.95
105.08
105.52
104
106.7
105.35
105.94
104.59
106.17
105.73
108.45
106.94
105.83
106.55
109.16
108.11
104.25
106.12
106.9
106.26
106.51
105.89
106.8
107.94
109.04
107.18
107.89
107.5
107.55
105.61
105.18
107.48
105.37
105.75
107.33
107.58
105.88
106.11
106.21
106.61
103.72
104.17
105.88
102.44
101.72
99.09
100.22
101.12
100.86
99.66
97.58
95.14
94.66
90.25
90.99
96.45
94.33
99.18
96.44
97.72
97.35
95.82
96.06
97.56
96.77
98.84
102.95
103.19
103.37
105.14
106.17
109.05
108.46
110.24
109.16
109.01
108.13
109.6
108.5
107.51
108.17
104.91
106.81
105.01
106.01
105.51
104.99
104.75
104.25
105.83
105.86
104.02
106.75
105.57
104.81
105.47
105.16
106.02
105.19
104.92
105.81
104.87
105.77
107.33
107.04
106.75
109.2
107.71
105.88
106.96
108.25
108.74
110.02
110.65
109.93
107.81
109.28
109.78
109.46
103.91
103.38
108.91
108.08
108.19
106.07
105.68
108.06
102.93
104.58
94.59
94.18
96.11
95.68
91.22
96.49
100.25
103.22
102.47
101.76
99.84
102.4
100.39
101.58
100.3
100.92
96.89
106.03
100.45
96.13
97.57
97.12
97.57
99
98.9
98.08
100.37
97.13
99.98
97.73
92.07
93.34
97.95
101.91
103.51
103.07
102.32
105.19
104.36
106.74
107.73
109.34
109.41
107.76
107.42
109.62
111.21
111.29
108.93
109.6
112.07
108.71
109.9
109.78
110.82
110.97
111.46
111.73
109.53
109.65
110.43
112.05
110.69
111.84
111.66
111.07
110.4
109.26
110.39
111.46
111.12
109.93
112.04
114.23
112.01
113.38
111.76
112.9
112.57
112.82
114.64
114.17
111.34
110.52
109.94
110.8
110.47
111.15
108.5
110.29
110.7
108.58
109.36
109.38
105.32
106.57
106.3
109.5
109.69
108.28
105.58
109.33
106.77
108.76
107.05
108.66
107.03
108.11
108.81
104.41
110.67
106.14
105.01
101.53
106.51
105.41
107.91
104.87
105.97
104.37
101.45
101.91
102.27
98.39
104.25
102.9
105.76
103.96
103.47
108.42
105.05
106.14
105.61
105.84
105.61
107.77
110.19
110.65
111.84
104.48
110.11
109.16
110.62
111.86
110.32
111.29
109.38
112.02
110.86
111.36
111.66
110.5
109.72
110.78
109.7
112.15
110.65
112.33
112.26
109.66
109.73
111.07
112.08
111.59
111.08
111.8
112.14
111.79
112.5
111.77
113.18
111.65
112.01
114.04
112.57
112.18
110.99
111.8
111.5
107.97
109.61
110.25
111.47
109.6
110.36
111.5
109.85
108.03
109.28
109.85
110.43
107.31
109.12
109.16
107.16
110.78
106.85
107.46
103.73
110.61
104.8
105.44
105.26
101.89
103.15
104.23
93.75
101.6
94.2
94.74
100.48
91.84
93.75
93.82
98.34
93.22
97.76
97.74
99.98
102.61
98.06
99.45
103.03
102.75
105.08
106.5
106.69
105.71
107.05
104.94
107.98
108.19
108.58
106.91
103.12
108.04
105.96
106.47
106.38
106.19
107.26
106.96
104.76
105.67
105.23
106.26
104.18
104.9
103.99
105.67
105.29
106.52
104.14
103.88
105.72
105.26
104.55
104.99
104.88
104.48
105.68
106.03
107.35
105.63
106.79
107.14
107.9
107.62
108.8
108.66
110.25
109.48
110.66
111.1
110.46
108.33
107.45
108.34
108.43
108.47
108.04
108.76
108.08
105.51
107.99
106.51
105.5
106.31
106.04
108.04
106.01
105.45
108.11
105.63
107.13
106.19
103.16
104.68
96.63
101.06
102.69
98.78
94.54
97.3
92.57
92.78
94.64
94.74
93.26
94.57
98.23
93.24
94.91
100.66
97.83
97
97.48
96.42
97.06
97.78
99.66
103.54
102.54
104.42
106.22
107.17
109.34
109.78
109.46
108.89
107.75
109.69
108.19
109.78
106.41
106.69
107.36
104.74
105.31
103.9
106.16
104.75
104.51
104.02
104.58
106.67
105.02
102.95
105.89
106.41
103.63
104.32
106.16
107.28
105.88
106.02
105.29
104.86
105.28
105.75
106.46
107.09
107.16
107.77
107.91
109.02
109.36
109.26
110.48
109.9
109.48
108.84
107.04
107.09
108.15
108.83
107.82
108.79
107.04
105.98
106.37
108.04
106.09
103.15
108.02
107.75
103.53
107.32
106.69
103.72
105.88
104.98
102.11
104.69
100.22
104.06
94.61
96.47
98.06
96.38
100.61
100.26
98.72
98.41
91.99
99.35
93.59
95.9
95.78
99.83
100.2
96.29
98.18
99.15
99.5
98.17
100.93
102.3
102.89
104.63
107.03
106.53
108.83
110.88
109.29
109.76
108.83
109.09
108.47
109.62
108.62
109.21
108.41
107.3
105.94
105.61
104.58
103.45
101.58
103.69
104.07
104.15
104.05
103.58
105.03
104.01
104.61
104.48
102.94
103.89
103.09
105.37
104.32
105.24
106.75
105.07
105.94
103.71
104.42
104.91
106.96
106.32
108.56
107.93
108.99
109.04
109.6
109.88
107.55
107.77
108
106.71
108.12
106.35
107.64
106.32
105.97
105.66
107.49
104.41
107.97
110.01
108.11
103.62
104.83
104.65
102.81
104.13
102.77
102.93
100.09
98.02
100.85
96.22
98.47
95.01
96.77
96.26
92.78
95.85
98.93
95.08
94.63
94.44
93.73
97.4
93.94
93.79
95.83
95.93
95.85
95.24
98.36
102.56
101.53
102.11
102.65
106.3
107.28
108.81
106.65
106.58
106.91
106.3
108.26
105.37
106.4
104.88
103.67
102.88
101.84
102.94
103.19
102.6
104.92
102.52
102.8
101.94
103.75
102.85
103.35
105.61
105.21
104.63
102.79
103.44
103.96
105.63
104.46
105.56
105.3
106.35
105.2
106.7
105.91
108.76
107.53
108.76
107.39
107.44
107.84
108.04
110.38
107.66
108.49
108.79
109.34
110.73
108.17
107.48
109.21
108.43
107.16
108.04
106.23
106.5
107.94
105.2
106.41
105.51
103.41
104.35
103.5
101.37
106.36
101.52
98.08
98.07
100.65
98.72
100.73
98.06
97.83
98.8
93.35
95.48
97.43
94.11
98.25
95.84
95.68
98.4
98.05
98.29
97.21
95.09
98.83
97.7
101.48
102.66
105.82
104.38
104.49
106.71
108.7
109.29
109.18
108.88
110.55
109.05
107.77
109.7
107.89
106.48
106.84
106.33
104.66
105.58
106.26
104.94
103.85
104.7
106.46
106.27
106.6
104.68
103.26
106.57
105.61
107.81
107.63
107.9
105.82
107.57
108.84
108.45
107.6
107.77
107.55
108.2
109.01
110.06
108.85
108.67
110.11
109.85
110.42
111.02
109.76
109.9
109.76
109.96
110.43
109.42
109.41
110.55
111.51
110.69
107.49
109.49
108.64
108.58
109.06
109.56
109.1
107.81
104.31
104.12
109.37
108.85
105.8
104.06
98.24
102.08
99.49
98.9
99.12
97.44
94.9
99.08
96.02
92.5
93.58
93.33
94.51
93.51
96.54
98.34
99.34
91.84
94.3
95.07
98.3
99.14
97.22
101.44
98.41
98.12
97.8
101.11
100.01
101.01
101.66
101.07
100.84
102.62
102.3
102.41
101.86
100.16
101.01
100.07
101.15
102.02
100.82
99.29
99.99
100.11
100.18
100.28
99.71
99.39
101
100.4
99.21
99.21
101.72
100.99
100.75
102.45
100.96
101.39
102.15
103.51
102.17
101.33
101.98
102.3
102.41
101.88
100.12
99.83
100.33
100.37
102.02
100.86
100.25
99.88
99.75
99.06
101.37
100.83
100.93
100.47
101.27
101.76
100.42
99.7
99.82
99.75
99.29
101.11
100.33
97.98
101.21
101.07
100.84
99.89
97.7
96.6
92.74
97.51
94.43
96.63
96.15
96.54
98.53
97.9
99.11
98.89
101.07
100.49
98.79
98.08
98.61
98.31
98.57
98.22
99.1
99.83
100.13
99.51
98.74
98.64
98.4
98.24
98.64
98.39
98.83
99.9
98.71
98.48
94.96
94.03
100.75
95.66
100.92
97.56
95.53
97.91
98.49
94.74
99.35
92.5
96.77
101.72
96.88
100.16
95.41
98.2
98.57
100.3
99.02
98.74
98.63
97.61
98.03
98.78
98.62
98.91
98.77
98.89
98.43
98.29
98.84
97.6
98.84
98.27
98.41
98.51
99.49
97.06
94.68
96.61
97.23
95.89
95.51
96.21
95.3
96.24
95.4
96.11
95.69
94.3
93.59
94.64
95.01
99.72
94.54
94.19
96.86
97.96
94.51
95.54
94.59
95.51
95.15
95.97
95.61
91.07
92.54
87.9
96.77
89.66
89.85
90
93.26
90.51
95.21
97.01
92.96
92.35
93.66
94.39
95.82
95.44
96.1
95.38
97.52
96.56
97.96
96.25
97.18
95.62
94.51
94.75
48.28
71.55
61.32
95.87
96.02
96.83
97.56
96.16
96.86
97.15
96.83
95.6
95.45
94.71
95.09
95.61
94.97
94.91
95.74
95.04
96.61
97.01
96.26
95.4
95.47
96.15
95.42
96.65
96.07
97.61
97.56
96.17
96.57
97.35
98.24
97.34
97.05
95.87
94.23
96.89
97.57
97.88
96.05
96.94
98
97.15
98.31
96.14
97.29
96.74
98.19
98.07
97.09
97.99
97.66
96.86
97.93
97.62
94.04
95.52
97.15
99.17
93.51
93.89
94.99
93.16
94.87
92.9
92.78
95.47
90.23
88.81
92.02
88.85
91.84
90
89.6
90.39
94.66
92.58
93.08
89.89
89.4
91.12
92.26
91.06
93
94.78
94.58
94.44
96.78
96.61
96.45
96.15
95.48
95.05
94.61
94.94
95.24
95.49
96.24
95.49
95.55
95.64
96.66
95.78
94.7
94.37
94.2
95.45
94.15
94.03
94.6
94.37
94.22
95.08
94.65
95.25
95.74
96.17
94.46
95.67
95.48
95.93
95.51
94.64
96.67
95.7
97.47
95.75
95.75
96.67
95.98
96.29
96.02
96.65
97.14
97.2
97.33
96.26
96.22
96.88
97.34
97.27
96.67
96.74
95.36
98.62
97.75
96.16
97.18
95.92
97.83
98.21
95.41
95.57
93.33
92.5
95.33
95.62
94
90.46
95.18
91.61
89.97
92.27
93.68
89.48
91.88
92.51
89.95
92.44
90.34
93.19
89.25
90.91
89.18
91.3
91.33
91.71
92.08
90.18
91.23
93.42
94.74
94.5
96.55
96.05
97.23
96.3
95.11
94.81
94.62
95.39
96.71
95.67
96.03
95.33
95.58
95.52
95.91
95.1
94.93
96.09
95.37
95.22
94.81
94.72
95.62
94.78
95.29
94.87
94.86
95.27
95.68
99.87
95.88
96.14
94.66
94.54
95.51
94.93
95.58
95.57
96.06
95.78
96.17
95.36
97.2
95.74
96.38
96.28
96
96.85
95.94
97.2
95.09
95.92
97.77
96.28
96.06
89.36
88.44
88.47
92.02
95.05
94
95.69
94.64
95.43
93.59
96.3
96.95
92.59
94.67
93.24
91.87
89.87
91.43
92.05
90
88.99
84.58
85.08
90.71
90.95
87.38
92.3
89.06
89.11
89.76
91.34
89.75
89.98
89.38
91.12
90.79
91.35
91.62
93.43
95.3
95.48
95.37
95.67
96.39
96.32
94.82
94.71
94.84
95.22
95.51
95.03
95.34
96
95.09
95.44
95.24
95.49
94.55
94.7
94.55
94.01
94.02
94.14
94.17
94.54
94.2
94.2
94.21
94.68
94.45
93.96
94.74
95.51
94.32
95.29
95.64
95.15
95.23
95.24
95.88
96.22
95.78
96.69
96.72
96.8
96.06
96.71
96.49
96.47
96.15
96.93
96.55
99.34
97.98
99.26
96.11
95.86
95.9
93.26
86.35
87.05
84.46
85.03
87.95
91.6
91.51
95.87
95.22
92.59
91.19
94.62
93.22
91.9
94.59
89.03
90.91
93.67
86.48
89.26
92.88
89.68
90.76
90.91
90.3
88.24
89.31
90.41
90.74
90.98
88.79
84.32
84.29
81.72
84.99
92.91
94.33
93.54
94.45
93.83
94.9
93.51
93.58
92.53
93.39
91.58
92.63
93.45
95.66
94.47
94.2
93.89
95.13
94.43
95.07
94.72
94.37
92.36
94.62
93.02
93.66
93.33
94.2
94.8
94.69
94.72
95.03
95.66
94.65
95.74
95.12
96.03
97.29
96.58
97.46
97.12
97.28
96.18
97.18
97
95.56
95.69
96.53
97.16
98.05
98.08
97.19
97.1
97.04
98
97.7
98.26
97.33
99.37
97.87
97.89
97.91
100.85
100.22
96.54
97.73
99.72
97.55
101.13
100.46
98.89
98.61
96.86
98.93
95.17
96.55
95.12
96.07
92.58
93.51
93.34
90.98
91.14
92.47
93.79
93.04
92.1
93.64
94.67
91.56
94.3
87.86
89.47
93.13
96.66
93.67
95.16
96.45
95.74
95.94
97.51
97.47
96.72
96.13
98.46
98.39
98.61
97.48
99.23
99.25
97.8
97.8
97.39
97.79
96.29
97.38
96.67
98.03
96.96
97.23
98.54
98.9
98.73
98.66
98.88
98.98
99.71
98.98
99.67
98.46
98.72
99.93
99
99.26
99.16
99.98
100.6
100.23
101.74
100.99
100.82
101.18
101.35
100.99
101.01
100.31
100.77
101.03
100.19
100.57
100.83
101.53
99.55
99.27
99.79
94.03
88.92
93.51
91.21
90.77
88.33
86.73
90.72
88.2
91.02
91.6
90.21
89.53
98.57
98.07
100.75
99.93
99.93
102.96
92.1
96.51
98.72
100.16
98.77
102.01
99.27
102.15
99.59
93.44
92.63
93.98
92.78
90.15
93.26
97.37
92.43
96.28
97.83
96.82
96.99
97.66
95.03
97.87
96.18
98.86
98.27
100.4
98.96
99.49
99.16
100.28
99.73
99.69
99
99.22
100.21
98.37
99.05
99.21
98.49
100
99.33
98.31
98.94
98.19
99.58
100.66
99.97
99.44
100
100.38
100.68
101.36
100.58
101.17
100.18
100.87
100.73
100.54
99.55
100.58
98.96
99.08
100.54
99.47
98.58
98.99
99.26
99.29
98.24
99.61
97.88
98.3
99.34
99.75
100.08
97.4
89.35
90.52
87.6
88.25
91.45
92.43
89.89
93.41
100.56
99.86
101.53
100.06
97.42
101.69
98.35
100.1
98.61
97.83
97.14
95.58
96.69
96.53
97.14
97.1
95.96
88.86
93.7
91.44
90.51
91.27
94.14
93.47
94.06
93.22
95.04
94.45
95.51
94.42
95.46
96.43
95.17
95.83
95.53
95.07
94.16
94.39
93.83
94.19
94.94
95.86
96.54
95.19
96.18
94.73
95.02
95.02
95.71
94.84
94.8
95.49
94.93
95.31
95.4
95.74
95.07
96.05
95.24
95.99
95.04
96.5
95.93
95.85
96.34
95.8
95.77
96.03
96.29
96.06
96.21
96.32
97.36
96.5
95.56
94.92
93.83
96.9
97.44
98.16
99.23
97.14
95.94
97.53
97.42
97.59
95.84
97.04
98.09
99.65
97.07
95.42
96.19
96.9
99.03
94.25
96.72
95.42
92.88
97.43
95.13
92.84
93.13
92.78
94.39
87.91
94.67
90.91
91.12
90.61
90
90.65
90.04
91.67
92.27
90.83
90
91.07
90.45
90.14
92.57
90.9
91.2
92.98
94.05
94.49
96.56
95.3
95.2
95.15
95.24
94.37
94.78
93.23
77.1
95.56
94.44
94.64
96.16
95.68
94.73
95.38
95.31
94.85
95.17
93.38
94.99
94.97
95.84
95
95.25
96.06
96.48
96.48
95.44
93.88
96.67
96.33
96.07
95.81
95.65
96.32
96.77
97.83
97.1
97.92
96.78
96.53
96.94
96.36
96.85
94.96
94.38
94.93
98.78
96.58
92.61
91.66
92.51
97.21
98.03
98.77
97.75
99.03
96.83
89.74
86.71
87.38
97.16
99.58
99.15
99.22
101.5
98
102.51
100.92
99.49
97.73
100.37
97.33
95.74
94.74
95.74
96.87
101.01
93.75
98.9
97.06
91.84
90.91
95.44
94.47
90
91.06
91.51
89.7
90.62
93.15
91.86
92.32
93.11
93.47
94.49
95.85
95.52
96.16
95.11
94.05
93.56
93.53
94.93
93.03
94.75
94.51
95.22
94.95
95.12
95.19
95.27
94.5
93.85
94.45
94.64
93.87
95.17
94.65
94.52
94.6
94.43
94.96
95.8
95.05
95.4
94.77
94.72
94.74
95.25
94.33
96.66
95.95
98.21
96.65
96.29
96.13
95.99
95.85
95.23
94.73
95.03
96.34
96.3
97.68
96.46
95.99
96.47
95.95
96.77
96.11
97.35
99.75
95.25
96.7
95.98
98.97
97.65
96.99
97.05
96.38
96.81
98.34
93.53
97.56
93.1
94.7
94.7
93.07
94.94
96.44
87.2
94.74
90.63
96.48
90.34
90.64
93.16
92.78
90.5
91.45
90.76
88.24
92.31
91.84
95.04
91.07
91.36
91.86
94.94
95.67
94.54
94.97
94.52
95.13
94.66
94.02
93.65
94.11
94.62
94.5
92.91
94.47
95.23
94.65
93.76
94.02
94.67
94.98
93.16
94.17
94.23
93.67
94.25
93.97
95.2
94.34
94.92
95.29
95.88
94.64
95.15
94.78
93.56
94.95
94.69
97.33
94.97
91.3
96.04
95.72
95.57
95.07
96.19
96.41
96.33
95.7
96.03
97.79
96.39
96.75
96.82
96.46
96.37
96.61
98.55
97.5
96.28
96.8
95.65
90.42
89.64
89.41
89.94
88.01
89.21
89.92
89.5
90.62
97.66
98.03
98.97
99.03
97.02
94.76
94.72
98.53
96.31
99.57
96.1
97
93.07
95.17
97.67
95.34
94.58
94.98
90.85
90.89
89.03
88.48
90.95
94.85
91.41
91.47
93.62
95.54
94.89
95.54
95.69
95.73
96.76
95.2
95.67
94.73
94.87
94.42
94.65
96.44
94.74
94.14
93.42
95.26
94.93
94.26
95.85
93.62
93.57
94.47
95.2
94.76
95.22
94.02
94.99
94.18
94.68
93.93
93.48
93.54
94.09
93.72
93.89
94.95
93.88
94.31
93.81
94.19
95.3
95.05
94.63
96.04
94.43
95.43
95.97
96.37
96.25
96.04
93.66
95.57
95.83
95.16
96.24
97.09
96.36
95.92
96.06
96.04
95.67
95.59
96.26
95.03
94.73
94.72
95.55
94.03
94.14
92.56
95.34
95.84
92.17
96.32
97.08
93.63
93.75
91.06
91.03
93.04
91.84
92.31
91.37
92.22
92.85
91.53
91.02
93.72
98.17
90.66
93.75
93.56
91.76
92.81
91.19
94.48
95.05
95.73
94.81
95.87
96.83
96
96.83
97.34
96.9
96.24
97.48
97.34
96.72
97.52
95.97
97.57
96.92
97.13
97.58
96.62
97.36
96.75
96.49
97.37
98.07
96.04
98.2
97.19
96.69
97.82
97.95
96.98
97.21
97.2
99.73
97.32
98.09
98.84
99.7
99.86
99.44
98.7
98.79
97.7
98.32
98.32
97.38
96.43
98.41
98.12
96.57
96
96.19
97.22
97.24
97.74
97.75
95.4
98.64
96.47
95.97
96.86
95.26
94.49
96.54
93.09
96.88
94.23
95.77
95.03
94.69
94.19
98.75
95.5
97.85
96.8
95.43
96.03
93.41
95.45
93.62
94.74
91.8
91.93
95.37
93.44
91.46
93.82
96.53
95.9
94.59
94.18
92.39
94.16
93.62
97.04
96.64
94.93
94.83
96.62
95.65
96.22
97.21
97.9
96.54
96.78
97.82
97.49
98.8
98.46
98.06
97.39
96.25
97.44
95.98
97.66
97.77
97.68
96.17
96.48
97.39
96.33
97.11
97.61
98.67
97.33
97.76
96.49
92.79
87.6
89.99
96.16
96.3
96.5
96.63
96.65
96.57
97.89
96.33
96.86
97.05
96.06
97.26
96.78
96.33
96.08
96.77
95.93
94.74
96.05
94.69
95.19
95.37
95.33
94.39
96.66
96.05
94.22
99.52
97.84
97.14
98.3
97.4
97
96.86
96.77
95.81
93.73
95.34
95.02
94.63
93.75
93.52
92.47
87.29
90.78
92.2
90.33
98.05
89.88
90.72
91.19
91.44
92.12
90.36
90.41
91.49
92.53
93.6
93.87
95.39
94.56
96.38
95.12
95.52
94.57
93.98
94.35
93.36
92.16
93.34
93.86
94.66
93.68
94.98
94.06
94.34
94.07
93.81
93.88
93.85
93.85
94.56
93.29
93.76
93.42
94.95
93.38
94
94.25
93.34
94.63
93.38
93.84
93.86
94.18
94.78
95.34
94.52
93.24
92.69
94.91
95.08
95.18
95.08
96.56
95.19
94.62
94.42
96.11
95.92
95.57
94.79
95.24
93.23
96.21
96.75
94.11
94.93
95.71
94.76
92.82
89.45
88.17
90.36
94.83
98.47
96.21
96.66
96.92
98.21
93.52
93.7
93.87
95.53
95.28
98.18
95.03
95.82
95.71
94.77
93.26
96.1
96.07
92.42
95.74
94.56
94.69
93.5
90.14
87.47
86.23
89.88
89.64
91.17
91.84
92.52
94.46
95.2
96.23
95.63
95
94.99
94.12
94.01
94.03
64.78
94.06
94.35
94.7
94.06
94.37
94.47
95.05
94.14
93.92
94.59
93.56
92.54
94.47
92.86
92.9
93.68
93.5
92.27
92.58
92.31
92.46
92.38
93.7
93.92
92.95
93.29
94.24
93.63
93.76
93.69
93.65
94.19
94.22
94.51
94.13
94.07
93.56
94.41
94.88
94.66
95.32
94.8
96.27
94.21
93.81
95.31
93.11
96.74
94.62
95.72
94.23
93.51
93.57
95.29
93.15
90.96
91.87
93.41
90.12
88.52
90.42
89.38
91.31
93.38
90.07
88.98
89.95
87.87
87.63
90.86
90.64
90
91.19
89.63
89.95
86.21
90.05
88.34
88.64
89.53
89.15
89.06
88.25
89.34
91.48
92.69
93.8
94.6
95.06
94.67
95.12
94.64
94.22
91.91
92.54
94.21
94.35
93.18
94.31
95.85
95.33
94.54
94.96
93.31
93.78
93.78
93.57
93.9
94.41
93.4
94.03
93.46
93.32
94.42
94.73
93.53
93.66
93.35
93.84
94.08
93.67
94.73
94.61
93.95
93.71
95.14
94.45
95.88
94.93
95.08
95.23
94.68
95.12
94.59
95.4
97.28
96.38
96.35
95.12
95.1
95.16
94.1
94.89
95.18
93.4
92.78
94.73
91.89
92.32
91.42
90.41
89.53
89.09
93.04
92.73
93.89
91.35
91.38
91.84
89.46
91.54
92.17
89.06
91.11
87.43
90
91.78
90
92.69
88.04
88.85
88.17
88.26
91.52
89.41
88.42
91.48
90.96
91.5
91.28
91.91
94.53
94.52
94.92
95.49
95.81
95.46
96.55
95.43
95.58
93.93
94.94
95.43
94.75
94.39
93.24
94.43
93.46
94.18
93.12
92.34
94.61
92.93
94.08
93.65
93.65
94.59
94
94.28
94.74
94.21
93.34
92.96
93.02
93.16
93.56
93.13
93.3
93.85
93.2
93.8
93.19
94.51
93.14
94.83
93.93
93.7
93.88
94.1
93.83
94.48
94.43
96.47
94.84
95.92
92.87
95.69
94.34
95.89
95.72
95.02
95.86
96.03
92.2
92.2
93.13
90.41
92.25
93.62
92.22
93.05
94.99
92.88
91.52
90.16
89.87
90.53
90.62
90.85
91.88
92.62
90.42
89.59
86.98
90.4
87.46
90
88.24
92.15
88.55
88.45
88.37
88.43
90.54
91.07
89.36
90.4
93.77
94.52
94.69
95.48
95.33
95.87
95.14
94.9
94.55
94.81
94.79
94.66
94.11
94.87
94.82
93.41
93.64
93.84
93.6
94.12
93.5
93.39
93.51
93.73
94.67
93.42
94.39
94.08
94.18
93.94
92.93
94.28
93.76
92.99
94.11
93.28
95.2
94.22
93.83
94.08
93.76
95.27
96.47
95.52
96.21
95.19
95.18
94.11
95.23
96.3
97.76
95.93
97.39
96.73
95.87
95.32
96.82
96.38
96.28
94.96
92.32
92.53
92.94
93.9
92.74
92.49
91.97
91.62
93.47
93.51
90.69
91.19
89.43
93.1
92.68
91.36
92.34
90.27
90.39
88.25
91.71
88.99
89.7
89.82
89.11
88.24
87.96
92.31
90.47
90.05
86.71
90
94.58
90.95
91.33
95.51
94.24
95.87
95.23
96.53
97.26
97.09
97.58
96.04
97.13
98.57
97.66
95.25
96.5
97.52
97.35
96.88
97.2
96.56
96.4
96.41
96.27
97.3
95.53
96.19
97.34
97.34
96.93
96.86
95.63
95.91
94.51
93.75
96.72
96.87
95.64
96.07
97.64
97.12
97.18
97.93
97.15
98.12
96.37
98.01
98.36
98.44
98.99
97.67
98.07
98.31
98.83
99.4
98.21
97.41
96.35
97.16
96.46
96.48
96.04
96.73
96.75
95.04
95.87
95.91
95.49
95.4
97.19
97.46
96.16
99.24
99.26
96.33
98.72
99.45
98.49
96.83
98.25
101.16
96.55
98.3
97.37
95.96
97.74
98.29
100
96.77
100.04
104.59
96.66
97.83
101.12
95.74
92.99
92.72
93.43
94.09
94.21
95.31
96.45
95.24
98.03
96.03
95.68
97.75
97
97.16
95.81
97.68
97.34
97.14
97.47
97.82
97.04
97.13
97.65
96.38
96.43
97.01
96.64
96.67
95.96
97.56
97.19
96.72
98.2
95.52
90.14
87.77
91.27
96.74
97.15
96.49
97.49
96.88
95.33
96.34
97.13
98.18
97.32
96.56
97.29
95.94
97.02
97.02
97.34
96.93
98.52
97.17
98
96.17
95.78
97.11
95.54
95.27
95.45
94.69
96.48
96.6
95.59
94.9
95.37
94.74
94.8
93.67
97.08
96.62
96.02
95.92
93.53
95.97
92.62
95.6
96.96
91.28
94.26
95.41
95.59
91.84
96.77
93.16
91.53
93.82
90.34
91.78
92.18
93.32
92.13
93.02
93.57
95.23
95.96
94.9
95.02
94.28
93.76
94.54
94.83
95.04
94.74
93.43
92.09
80.86
80.39
91.88
95.54
93.83
93.43
92.57
93.9
94.49
93.83
93.75
94.17
93.46
93.48
94.8
94.5
93.75
94.5
93.08
94.45
95.44
93.74
94.43
93.35
94.3
94.99
95.02
94.11
94.5
96.14
96.04
96.91
98.61
96.01
93.07
94.16
95.69
95.74
94.61
95.29
95.56
96.77
97.42
97.58
96.56
94.53
94.62
95.96
95.54
94.21
94.35
95.44
95.79
96.84
95.91
93.75
97.09
92.49
95.48
95.1
92.11
93.33
93.31
95.25
89.9
93.25
90.08
91.49
91.81
92.08
91.02
94.89
90.23
90.42
90.91
88.24
88.66
89.08
90.42
90.41
89.71
91.58
89.85
90.97
91.43
89.95
91.63
92.34
93.96
93.82
94.98
95.12
94.56
93.87
93.22
92.97
93.52
92.73
92.98
93.73
93.78
93.56
94.03
93.24
93.55
94.62
93.79
93
93.95
93.47
92.92
93.43
94.8
94.08
93.77
93.59
94.54
94.55
93.56
93.38
94.39
93.17
94.11
93.46
93.56
92.5
94.16
93.94
93.21
94.93
95.69
95.58
94.49
94.12
95.06
94.71
95.42
96.61
96.97
97.38
94.9
96.9
94.28
96.08
95.3
96.75
93.65
94.12
96.22
95.49
94.25
97.15
97.69
95.65
93.72
94.18
96.36
95.92
94.95
95.95
94.05
93.19
94.17
91.54
91.57
89.86
91.77
93.82
90.19
90.88
90.49
94.64
92.24
89.94
90.86
91.44
90.56
91.19
91.49
92.07
91.44
91.19
91.24
94.25
94.8
95.51
95.07
93.7
94.52
94.64
93.42
93.9
93.34
93.62
92.54
93.37
93.71
94.35
94.02
94.14
93.48
92.59
93.83
93.33
93.61
93.82
93.88
94.36
95.28
94.31
92.78
94.34
94.13
93.5
93.24
92.97
94.5
94.31
93.24
94.82
93.64
94.45
94.6
95.54
94.37
92.8
94.37
95.31
94.29
94.35
94.31
94.09
94.51
93.64
95.31
95.68
94.41
94.81
94.87
95.39
93.64
93.72
93.83
94.59
93.54
96.14
94.46
96.64
94.91
94.28
95.69
94.96
94.16
92.23
94.33
92.99
91.59
95.17
93.97
91.14
90.45
90.04
89.96
90.66
90.05
90
92.35
92.18
87.25
89.51
89.97
90.07
92.3
93.44
89.33
92.8
90.77
90.71
92.87
94.16
95.75
96.02
96.07
96.57
95.91
94.24
93.61
93.69
93.5
93.82
94.25
94.85
94.19
95.4
95.26
93.6
94.19
94.16
94.42
94.99
94.55
94.74
93.64
93.59
93.48
93.73
92.77
94.47
94.07
94.23
94.18
94.16
94.13
94.21
92.98
94.81
95.4
94.53
94.53
95.43
94.81
94.91
95.95
95.67
94.61
93.88
94.23
93.45
94.47
95.8
94.84
96.8
95.96
94.04
94.19
94.19
95.07
96.45
94.94
96.02
94.05
95.07
97.42
93.82
95.11
95.9
92.96
92.88
90.52
92.26
93.18
94.77
93.51
91.57
92.12
92.29
93.47
91.72
90.53
92.78
88.29
86.26
88.82
91.37
88.66
87.96
90.84
89.75
90.84
88.06
90.53
90.3
91.07
91.32
91.69
93.56
94.91
95.21
95.63
95.27
94.84
94.37
95.09
93.92
93.2
95.52
94.25
94.79
94.31
94.92
94.96
94.39
93.9
94.87
95.09
94.43
94.93
95.4
95.22
94.78
94.2
95.89
95.06
95.03
95.83
95.23
94.98
94.45
95.65
95.71
96.44
95.39
95.93
97.01
96.71
96.36
96.97
96.49
96.74
91.17
97.27
97.13
95.75
96.67
98.1
98.11
98.44
97.79
98.34
97.74
96.7
97
97.37
97.61
96.62
97.66
98.89
98.75
100.17
98.18
96.91
95.61
96.53
98.62
97.67
96.06
96.92
95.89
99.24
97.38
98.2
97.9
96.22
91.49
91.59
96.12
95.93
91.62
93.19
92.85
93.69
92.06
93.75
91.73
93.17
91.84
96.85
93.59
92.84
91.53
94.22
97.5
95.24
94.06
96.97
96.72
98.36
97.34
96.33
97.96
99.14
98.24
98.54
98.85
98.74
97.24
97.69
97.72
98.37
98.39
98.36
97.3
98.49
96.68
97.9
98.97
97.38
97.77
98.38
98.62
98.18
97.41
98
98.77
99.59
98.96
99.87
99.65
101.21
100.31
99.96
100.87
101.16
101.33
101.4
99.45
99.25
99.75
99.78
100.78
101.02
98.81
99.71
99.05
100.76
99.91
100.45
99.83
98.68
99.33
99.78
98.6
98.99
99.7
100.14
98.44
98.09
97.43
99.09
100.39
99.14
98.32
99.27
95.08
97.57
99.43
98.7
97.69
101.43
98.03
95.83
100.61
100.61
101.82
107.14
107.14
96.43
100.78
97.08
96.58
95.67
91.42
98.31
92.83
93.64
93.83
92.96
97.18
94.36
93.71
95.29
95.96
97.59
98.45
96.9
101.25
100.35
96.44
97.95
98.7
98.79
98.48
99.01
97.47
98.48
98.73
98.79
98.59
99.48
98.12
97.41
98.04
96.87
97.71
97.11
98.68
99.46
97.94
98.4
99.1
97.72
99.87
98.34
98.47
98.97
98.48
98.47
100.09
97.91
99.05
98.78
98.97
98.77
98.39
99.3
98.66
97.66
98.17
98.54
99.09
99.24
99.52
97.18
99.37
98.86
98.26
97.04
98.49
97.91
100.46
96.82
96.49
97.79
98.53
96.99
100.96
98.1
96.19
97.93
95.49
96.31
95.45
95.05
94.32
90.69
92.31
92.5
91.62
91.84
94.74
95.29
94.32
92.02
90.2
91.97
95.93
95.56
95.53
92.53
93.08
92.74
92.92
93.74
93.76
95.55
94.91
95.88
94.02
94.75
94.61
93.51
92.56
91.27
48.63
93.21
94.17
93.58
94.3
94.52
94.86
95.37
93.72
93.24
94.12
94.45
94.23
94.33
95.51
94.58
95.89
95.19
94.6
95.53
94.81
95.02
94.26
94.52
95.32
94.18
94.89
95.12
95.59
95.82
95.65
95.97
96.95
97.09
96.89
96.09
95.8
96.65
94.84
97.51
97.69
97.44
98.44
97.9
98.15
98.77
98.04
98.84
99.25
95.89
96.37
95.64
95.73
96.84
97.55
94.84
95.17
97.43
95.92
95.15
96.21
93.86
95.06
95.06
95.38
94.84
94.93
88.68
92.01
91.11
92.86
90.21
88.59
88.19
92.21
91.34
91.86
90.42
89.55
92.15
91.72
89.56
89.51
89.68
88.37
89.51
91.09
93.42
93.67
94.15
93.62
94.82
93.44
92.57
93.01
91.07
93.38
92.92
93.28
94.5
95.25
94.08
93.93
93.56
94.45
94.41
93.94
94.99
94.66
94.62
93.66
94.46
94.98
94.33
95.15
94.59
95.73
93.73
94.89
93.78
95.07
94.8
95.62
95.57
95.58
95.32
96.54
96.13
96.54
95.79
96.42
96.94
96.4
96.58
96.11
96.71
97.84
97.5
98.01
99.13
98.55
98.51
98.41
98.57
96.83
95.86
96.39
98.72
95.21
93.59
90.18
88.33
89.69
91.27
91.42
88.85
88.17
98.11
95.43
98.98
100.08
96.57
97.14
95.69
95.2
95.86
94.77
98.31
94.4
93.91
94.28
95.48
98.23
96.48
94.7
93.33
93.96
94.21
92.33
89.19
86.86
86.4
85.43
86.93
90.76
94.16
94.67
94.08
94.41
93.45
93.53
93.56
94.67
93.9
95.35
94.83
95.03
95.03
95.17
94.84
93.86
94.4
93.13
94.55
92.04
94.34
94.01
94.47
94.02
94.27
94.58
94.72
94.55
94.59
94.56
95
94.63
94.62
93.92
94.75
95.4
96.29
96.34
95.69
95.45
94.87
95.72
95.86
95.28
96.11
96.89
96.38
97.09
97.69
98.27
98.59
98.71
97.83
99.87
98.18
97.56
98.66
97.33
97.99
95.12
94.77
95.24
96.35
94.22
94.94
98.45
92.48
91.88
96.6
93.22
93.71
93.1
96.36
93.26
93.22
93.26
90.16
92.85
92.36
91.02
92.97
90.39
89.25
93.07
92.12
90.36
93.13
91.87
91.06
92.17
90.29
91.18
91.46
91.96
93.88
95.1
94.9
95.16
96.38
95.19
93.91
94.76
94.5
94.97
94.77
93.29
95.22
95.21
95.39
94.73
94.86
93.48
95.15
95.05
93.6
95
95.15
94.28
95.94
95.8
94.64
94.9
94.05
94.63
93.26
94.24
94.43
94.76
94.56
95.24
94.92
95.46
94.88
95.15
94.65
96.29
95.63
95.94
95.32
96.1
94.92
96.72
95.84
96.57
97.22
98.15
98.15
98.26
98.12
97.89
98.37
94.83
96.73
95.2
95.81
96.37
95.79
96.45
94.2
94.47
95.56
96
97.93
95.4
96.3
97.77
94.85
92.34
95.05
90.83
93.46
90.81
91.93
91.2
90.91
95.93
88.38
91.37
88.95
88.13
88.19
90.39
90.3
90.21
89.6
90.7
89.97
88.43
90.45
91.26
91.77
92.75
92.54
93.47
94.29
93.94
92.89
94.12
92.9
94.25
94.46
94.76
93.58
94.05
92.91
93.95
95.26
93.72
92.95
93.64
92.98
93.08
93.87
93.52
94.41
94.67
95.24
95.59
94.96
95.67
94.42
94.68
94.17
94.79
93.76
94.66
95.29
95.68
94.29
95.24
95.11
96.29
95.09
96.14
97.17
95.9
96.82
96.38
97.8
98.01
98.16
99.15
96.7
98.76
98.99
100.4
99.8
97.7
98.08
97.43
98.09
97.65
96.82
96.55
96.38
96.13
96.34
96.42
98.33
96.12
93.82
92.31
96.25
96.95
98.6
95.89
94.97
95.89
93.36
91.72
92.55
91.72
95.56
92.92
91.47
94.47
94.9
90.05
90.69
92.55
92.12
92.78
88.52
92.18
91.84
93.88
94.04
95.38
95.59
94.96
97.04
95.06
96.12
96.48
96.76
97.64
97.58
95.72
95.84
97.28
97.65
97.72
97.99
97.09
97.51
96.38
97.69
97.22
98.73
97.13
97.7
98.44
97.38
97.87
97.84
97.89
97.64
97.9
97.83
97.95
98.3
98.78
98.25
98.02
98.25
98.94
98.68
97.59
99.11
98.9
99.44
99.5
98.99
97.48
99.08
99.59
99.67
98.7
98.45
98.99
99.69
99.11
98.88
98.31
97.3
98.12
98.66
97.58
97.4
98.84
98.44
100.55
97.29
97.52
98.83
96.18
97.77
96.05
95.09
98.04
95.5
98.63
98.24
101.07
95.24
94.36
95.79
96.36
97.24
94.04
92.39
94.15
90.67
92.11
89.9
89.28
92.95
95.28
93.55
92.36
93.42
92.58
94.74
97.42
98.21
95.79
100.68
95.89
98.59
97.26
96.31
95.72
95.59
96.67
97.46
96.73
97.66
98.07
97.12
97.22
96.82
96.32
97.06
96.88
97.02
96.44
96.85
97.19
96.74
98.63
96.67
97.53
97.08
97.91
96.34
98.22
97.54
97.31
97.5
97.69
97.73
98.33
97.7
97.02
97.68
98.31
98.41
96.87
96.62
96.11
98.31
98.09
98.34
98.05
97.11
96.68
98.48
97.22
98.27
99.15
97.9
96.25
96.62
96.48
96.34
96.83
97.19
95.87
97.18
95.73
94.48
97.24
94.27
95.59
93.75
94
96.3
93.2
96.82
91.3
91.24
90.91
97.61
90.59
95.28
93.93
93.12
90.8
91.19
93.44
93.01
90.59
93.94
92.79
92.67
93
93.02
92.13
93.09
94.17
94.61
93.15
93.31
91.39
89.06
88.98
85.29
43.61
57.08
71.1
93.56
93.36
94.05
92.94
93.51
93.7
93.31
94.11
93.7
93.05
92.45
93.27
94.26
93.36
94.33
92.42
94.69
93.94
93.98
94.52
94.38
93.97
94.01
94.48
94.97
91.02
90.09
91.36
91.82
92.79
92.55
93.9
92.81
93.56
93.57
94.29
94.98
94.82
94.41
95.11
95.58
96.27
96.02
95.69
96.56
97
95.78
93.81
95.85
95.54
94.36
94.35
96.77
94.23
94.3
94.44
93.04
94.14
95.68
96.68
92.99
95.65
92.66
90.91
93.09
91.32
89.11
86.99
90.42
87.87
90.54
91.75
89.11
89.28
92.67
86.5
89.98
87.91
90.55
88.76
89.37
90.1
90.32
90.33
93.02
93.66
93.34
94.32
94.01
94.46
93.04
94.29
93.7
93.41
93.61
94.22
94.34
93.56
94.31
93.48
94.05
93.83
92.88
93.25
94.38
97.79
98.63
94.55
93.34
93.33
93.24
92.58
93.97
92.79
93.25
93.77
93.35
93.69
93.95
89.96
88.02
92.89
94.05
94.44
93.98
94.71
94.07
93.59
94.86
94.8
95.11
95.32
95.09
96
95.6
97.02
97.36
96.41
96
95.74
98.24
96.58
95.09
94.93
90
88.24
90.18
88.31
89.58
91.05
92.1
91.17
91.35
88.75
89.42
90.36
92.11
91.44
91.25
90.51
92.72
93.41
95.04
94.62
95.16
94.1
93.84
94.22
93.96
94.08
93.95
93.7
94.54
93.53
94.92
95.1
88.99
92.42
92.28
94.06
94.12
93.71
94.72
95.14
92.98
95.42
96.11
95.56
97.58
96.28
94.82
95.51
95.24
95.25
96.63
94.02
92.28
94.88
93.44
93.54
93.6
94.35
93.29
93.16
94.15
93.47
94.3
94.18
94.94
94.69
93.97
93.68
94.39
94.2
93.46
94.34
94.65
94.03
95.02
95.56
95.16
95.04
94.68
95.36
96.47
96.02
96.07
95.49
96.38
96.36
97.49
97.67
97.47
98.39
97.1
96.74
96.9
96.35
97.02
93.8
90.59
86.96
89.75
87.72
88.75
88.6
88.37
92.82
96.88
94.99
95.95
97.16
95.71
95.54
94.82
98.1
93.98
95.77
93.36
94.07
95.38
94.55
93.65
95.83
93.33
94.43
92.55
90.17
88.95
89.37
89.75
89.02
86.76
86.95
91.57
92.75
94.78
94.23
95.54
96.21
95.94
95.84
94.8
95.2
93.9
94.46
95.34
95.23
93.83
95.32
94.49
94.04
94.06
93.3
93.71
93.41
94.14
94.3
94.24
93.5
93.96
94.61
95.39
95.15
94.86
95.03
93.98
94.43
94.52
93.48
94.43
95.02
94.47
93.56
94.19
95.49
96.64
94.26
94.97
94.38
90.25
94.07
96.05
94.93
95.08
95.66
96.65
97.32
97.06
95.89
96.26
98.22
97.37
95.85
96.17
94.98
92.99
86.17
86.48
96.66
96.93
96.26
95.31
96.87
96.89
94.64
95.81
98.94
96.81
89.79
90.55
87.31
94.23
92.14
89.54
92.26
91.44
90.64
92.36
91.15
91.53
91.86
92.56
90.23
92.27
91.58
91.58
90.99
90.82
90.83
92.2
92.89
94.85
95.11
95.48
94.37
94.71
94.92
94.34
95
94.5
95.43
94.82
94.95
95.22
94.69
94.91
94.33
94.74
95.01
93.77
94.32
94.49
95.06
93.82
94.2
94.55
94.95
95.62
94.1
94.28
95.37
93.87
94.99
94.54
94.76
94.18
95.12
95.97
95.04
95.44
95.72
96.57
96.98
95.58
96.75
96.6
95.35
94.83
96.53
95.61
97.08
97.76
96.75
96.88
97.85
96.81
98.78
98.51
97.26
97.54
95.96
95.63
95.17
95.84
95.07
93.94
97.1
96.48
97.05
94.61
95.58
95.33
94.32
94.96
95.04
95.7
96.46
94.24
93.62
92.82
92.7
93.75
91.59
91.69
90.83
89.45
92.86
93.38
91.44
93.9
92.61
91.82
90.67
90.49
92.63
92.17
95.4
95.16
94.44
96.57
96.77
97.52
95.79
95.48
97.07
96.75
96.84
96.56
96.42
96.73
97.28
97.07
96.35
95.14
96.41
95.99
97.01
96.91
96.23
96.5
96.09
96.14
97.44
96.32
96.36
96.25
97.46
97.74
97.21
97.48
97.85
97.44
97.56
98.33
97.72
98.3
96.53
96.55
96.19
97.42
97.06
95.55
97.62
96.25
97.73
98.66
97.1
98.52
97.24
98.94
98.43
97.38
98.98
99.57
98.29
97.07
97.18
97.14
96.62
96.47
96.46
97.41
97.37
94.45
95.22
96.02
96.46
97.88
96.4
97.23
97
99.23
95.68
96.67
99.22
94.91
95.48
97.48
97.34
98.22
92.62
86.54
97.19
91.07
93.38
99.12
94.19
101.96
91.84
89.88
91.06
91.06
92.75
94.11
96.22
94.64
94.98
96.32
94.83
95.68
97.73
97.23
97.16
95.47
96.62
98.29
97.62
97.37
98.14
97.31
98.64
97.39
97.18
95.68
96.91
96.64
96.67
96.27
96.38
95.33
96.38
97.27
98.09
96.97
98.44
97.1
96.71
98.06
97.9
95.82
95.02
94.47
96.38
96.11
95.41
95.5
96.76
95.58
95.94
95.33
96.75
97.44
97.66
97.76
98.66
96.86
97.12
97.32
98.59
98.11
97.88
97.35
96.15
95.94
94.7
94.75
97.34
94.85
94.65
93.19
95.02
93.86
94.71
94.81
94.49
92.44
94.92
93.17
94.34
94.25
91.37
89.25
91.44
89.51
92.78
92.78
93.24
87.43
93.04
91.24
91.88
93.75
91.78
89.92
93.1
92.02
92.04
93.2
93.65
95.22
95.29
95.47
94.98
95.41
93.94
94.56
93.26
93.73
93.17
94.53
94.64
93.79
94.52
94.28
94.26
94.45
93.98
93.67
92.86
94.44
93.85
93.45
94.19
94.66
94.09
93.61
94.46
94.44
94.65
94.05
93.89
94.07
95.3
93.74
94.48
94.82
93.98
94.65
95.2
94.59
94.74
94.96
96.02
96.39
94.9
93.53
94.7
96.43
96.87
97.07
97.34
97.54
96.42
98.4
95.73
98.14
97.28
96.55
97
97.04
95.39
95.21
95.53
95.65
94.97
95.89
95.24
94.57
94.33
94.52
89.57
93.1
92.44
95.18
91.84
90.45
92.38
89.61
89.7
92.14
90.38
95.41
92.17
88.24
94.57
91.32
92.89
89.88
93.98