115.11
114.91
111.57
110.06
112.3
109.86
110.1
106.46
95.65
101.17
112.36
110.11
108.88
111.09
111.34
111.02
107.93
109.59
109.69
106.69
111.41
110.68
113.66
114.17
113.6
112.28
111.93
110.78
113.29
111.02
112.53
114.83
114.38
113.4
116.09
115.07
114.42
114.93
114.81
117.68
116.59
114
116.6
113.78
116.29
117.5
114.58
116.53
115.81
114.72
116.09
115.25
115.52
116.24
118.25
115.94
116.79
115.15
117.08
115.17
115.4
117.34
115.56
116.37
110.69
112.9
110.53
110.48
112.22
114.68
110.67
112.2
112.01
112.42
111.86
114.36
114.54
112.81
113.3
113.69
110.53
114.48
115.35
115.11
113.82
112.87
112.1
113.37
111.06
108.54
112.79
111.59
107.91
113.1
110.52
105.54
111.96
107.68
107.23
100.87
109.36
103.11
105.68
105.4
109.63
99.27
100.53
104.16
99.94
104.58
105.53
110.03
107.31
107.18
107.96
110.62
111.16
112.38
112.77
113.88
110.99
111.6
109.98
109.04
107.63
107.53
108.56
109.33
111.46
113.18
114.17
112.66
111.3
104.64
110.91
111.56
112.56
113.01
111.56
110.31
110.88
109.77
110.03
113.19
112.48
112.74
112.43
113.51
112.33
112.27
113.31
112.44
109.53
110.67
111.06
112.59
112.75
112.92
110.76
110.32
110.65
108.5
108.79
106.47
106.08
106.85
109.58
109.24
110.64
111.6
112.12
113.45
111.79
112.07
111.39
110.55
109.8
110.27
108.66
108.85
110.38
111.97
111.89
107.74
110.76
111.49
107.61
108.98
108.7
108.2
108.58
108.96
105.24
105.12
99.64
105.38
104.07
103.79
96.07
105.39
109.18
101.81
105.8
101.33
107.09
102.24
101.42
104.37
106.75
104.66
107.82
111.99
111.11
112.17
112.37
112.89
109.29
107.66
108.73
109.29
106.39
106.06
105.31
106.98
111.24
111.72
112.16
111.84
113.33
112.35
110.42
111.81
110.23
110.91
110.01
111.16
111.5
111.47
110.72
104.88
111.14
112.02
110.18
110.65
111.36
110.53
109.87
110.34
109.71
111.92
109.07
108.14
109.61
109.68
110.4
111.44
110.28
105.15
107.87
108.27
108.02
107.59
110.17
109.7
109.72
109.82
108.25
110.43
111.12
109.39
109.48
110.73
110.81
107.25
110.19
109.75
111.01
111.66
108.67
109.05
109.38
110.49
109.76
112.4
109.29
106.84
107.95
103.81
110.43
101.08
98.97
103.95
100.59
100.46
103.26
100.95
105.76
101.35
105.51
101.83
106.35
103.21
103.92
104.23
105.26
106.39
108.45
111.83
111.8
112.3
112.86
112.65
110.31
109.57
108.89
110.81
108.52
105.59
106.54
109.95
111.53
111.12
111.05
109.76
111.84
110.38
110.55
109.54
109.04
109.98
110.75
109.53
108.22
110.2
107.8
103.38
108.01
106.29
109.88
110.25
110.19
111.45
110.68
109.69
109.82
109.61
110.96
111.49
111.66
112.83
111.91
111.71
112.23
109.22
107.18
107.68
107.52
107.07
109.17
110.16
110.19
109.47
108.25
112.2
112.2
111.41
113.15
112.94
110.42
110.51
110.55
112.41
112.13
111.25
110.68
109.61
112.46
110.98
109.33
110.85
113.63
110.74
107.88
110.53
108.03
109.03
105.54
107.7
108.61
106.92
105.73
101.56
106.54
108.26
110.33
108.48
107.61
106.66
104.43
102.83
111.9
103.07
106.6
108.37
109.44
109.09
112.37
113.13
109.63
109.95
110.71
114.24
112.66
112.22
114.29
113.16
114.98
115.47
111.44
115.97
116.01
115.57
114.19
117.28
113.04
114.06
114.03
114.62
113.18
116.41
114.82
113.87
114.86
113.72
110.89
114.16
113.71
113.43
115.17
116.27
116.77
113.48
112.63
113.94
114.33
114.61
112.04
113.15
111.86
111.27
111.33
111.78
112.61
109.45
110.89
113.2
113.58
112.12
112.81
112.74
111.48
115.39
113.87
114.4
113.94
112.87
114.33
112.66
112.8
110.88
114.99
111.79
111.43
113.56
112.5
111.15
112.69
115.2
113.2
111.53
111.2
110.28
110.24
110.26
110.72
111.31
111.36
106.46
111.91
108.26
113.73
108.11
102.89
113.03
106.41
100.74
111.32
112.53
106.5
109.36
106.8
110.03
111.69
110.18
115.11
113.81
112.57
112.23
109.02
113.38
115.18
115.95
116.32
115.31
114.54
117.82
119.33
116.26
116
116.44
115.39
115.21
117.47
116.79
113.83
115.12
113.68
116.11
114.64
112.34
113.26
113.39
114.58
114.62
114.5
117.03
117.44
115.33
114.99
108.43
112.57
110.97
109.9
106.77
103.45
110.06
108.83
110.81
110.56
109.09
111.33
111.64
111.51
112.96
113.33
112.07
115.23
112.26
111.6
111.1
111.44
110.63
110.73
112.14
113.06
111.67
112.14
111.13
109.31
111.83
108.65
113.47
109.22
109.59
101.58
107.31
107.62
104.83
104.86
105.04
106.38
102.31
96.29
113.46
108.28
98.68
104.03
103.54
104.6
102.26
103.26
103.64
105.55
104.82
105.66
111
110.88
109.77
107.39
104.36
104.63
96.47
85.56
43.18
35.86
32.72
26
26.7
25.87
80.48
99.85
106.27
104.74
107.29
108.39
109.63
110.27
109.83
108.98
108.92
108.45
110.84
110.51
109.67
101.18
107.1
109.62
107.23
108.72
108.44
108.25
111
108.72
107.71
107.63
109.2
109.35
110.81
107.8
110.31
108.12
107.65
105.66
106.41
103.78
103.55
107.82
107.4
107.24
108.23
107.52
108.73
106.82
110.25
112.37
110.94
107.38
107.07
107.87
108.1
107.29
109.73
108.01
95.87
0
0
96
0
0
0
0
0
0
0
0
0
0
0
0
0
0
74.89
0
83
86
0
0
0
86.47
0
107.73
108.63
109.55
109.06
107.54
108.27
105.86
102.4
102.19
99.69
98.25
98.94
100.25
104.99
105.76
105.62
105.13
107.26
106.35
107.07
104.8
106.86
105.44
105.85
107.07
107.1
105.94
105.31
105.5
106.8
107.78
103.78
99.98
93.07
100.59
106.09
107.05
106.3
106.64
105.91
106.75
105.46
105.19
107.33
108.85
107.2
107.75
105.27
104.36
104.16
104.96
105.53
105.09
104.9
106.36
106.34
107.41
107.72
108.45
107.74
107.88
107.57
108.34
105.67
105.79
108.04
110.41
109.25
110.74
102.49
107.51
109.78
105.22
110.89
100.1
103.1
103.42
107.75
105.2
94.23
88.36
96
97.55
93.09
89.34
91.28
99.91
91.1
96.81
100.68
101.97
101.94
97.4
98.51
104.49
103.1
104.76
107.61
109.64
109.17
108.13
108.21
106.23
102.94
101.47
99.97
98.79
98.13
96.92
102.32
104.79
106.1
106.11
105.97
105.44
106.42
106.53
105.79
105.63
106.3
105.58
104.38
105.37
107.33
106.11
104.56
106.88
105.14
103.88
104.99
104.6
105.19
107.26
105.63
106.82
105.23
104.03
104.81
107.5
106.88
107.28
105.28
105.94
107.01
105.26
102.71
103.31
103.32
104.78
103.15
105.83
104.7
105.04
105.76
108.05
106.38
107.63
105.59
104.3
103.8
106.34
0
0
0
67.63
0
104
0
0
88
84.9
87
86.99
75.32
0
98.31
89.65
64.92
88.5
0
86
0
89
115.55
88.47
87.09
101.87
99.7
96.15
101.74
103.91
102.93
104.6
105.01
109.63
106.5
108.3
108
103.97
104.73
100.28
98.53
92.08
91.99
93.32
96.6
97.1
99.55
100.61
105.76
104.57
104.12
103.68
105.13
104.64
104.44
103.92
105.09
105.49
105.59
104.61
105.7
105.49
102.68
102.74
103.76
104.8
104.61
104.83
105.55
104.37
103.54
104.47
106.7
104.18
105.51
104.22
105.61
105.45
103.41
102.15
101.86
101.69
102.62
105
101.8
104.76
105.59
103.9
103.94
103.62
108.61
107.27
107.22
106.59
103.25
103.28
0
0
90
0
0
0
0
65.97
57
63
0
52.68
81.91
62.86
43
0
67.14
87
83
87
0
0
97.5
86.65
95.9
83.5
92.88
96.86
100.4
103.75
102.98
105.04
108.61
108.25
108.93
108.25
108.36
104.32
103.22
100.52
103.23
99.61
100.45
97.4
100.13
104.22
103.87
104.16
106.02
108.02
105.82
104.87
103.6
106.09
105.29
105.27
106.46
106.23
105.91
106.19
107.91
106.4
104.89
105.02
105.73
106.81
106.9
105.89
106.34
106.9
106.03
106.04
108.54
106.41
107.87
106.54
106.35
106.59
106.38
105.34
104.66
103.83
105.09
105.13
104.35
105.75
105.05
108.06
107.44
104.57
105.12
106.63
106.44
104.89
103.72
105.95
105.54
104.54
106
105.95
104.95
107.09
105.58
106.51
103.77
104.31
100.82
102.53
105.2
102.85
100.48
101.44
97.8
99.52
98.7
100.59
94.14
100.13
97.53
99
99.57
102.21
97.78
97.01
102.26
103.09
102.75
100.02
108.5
104.02
107.68
107.72
108.44
108.48
107.46
110.08
110.51
106.78
108.52
108.02
110.11
110.81
111.78
110.19
109.4
110.22
109.46
109.14
108.42
109.3
108.69
107.83
107.11
107.92
108.38
108.04
109.08
108.14
106.34
105.01
106.3
106.76
109.95
99.86
98.14
97.74
107.57
107.54
106.47
107.53
108.48
106.41
106.75
107.36
106.02
106.51
103.37
103.62
100.81
102.76
97.1
102.72
106.86
104.01
106.12
107.94
106.71
108.34
107.46
104.85
106.52
105.88
105.05
109.32
106.23
105.3
107.68
109.3
107.33
107.43
107.41
106.15
109.42
103.45
109.06
104.33
107.01
108.6
107
107.06
99.62
102.81
107
105.43
104.94
101.38
97.76
105.04
100.25
99.13
100.64
98.58
105.39
106.96
101.3
108.46
108.94
110.76
107.97
108.04
109.75
108.86
108.2
108.23
109.18
111
109.6
107.3
106.76
108.55
113.1
112.81
107.91
108.09
109.62
110.86
108.83
109.58
110.56
108.8
110.01
107.98
108.88
109.02
106.87
107.43
108.56
108.16
104.59
107.26
106
108.25
106.95
106.94
108.8
106.58
107.4
107.99
107.17
108.65
103.96
104.78
104.69
105.54
102.41
103.76
104.17
101.14
103.06
103.29
103.26
103.23
104.62
107.04
105.57
106.44
105.52
105.44
107.75
108.78
104.99
100.35
108.2
106.94
108.43
107.83
105.88
108.64
107.27
106.29
99.58
105.58
101.14
96.24
106.93
98.16
100.97
93.96
94.4
99.63
97.4
97.45
97.96
100.91
99.41
99.69
99.69
102.58
99.81
104.02
106.13
107.59
107.21
104.49
103.5
101.28
100.38
93.68
85.54
64.63
67
75.49
82.81
46.51
98.28
107.99
106.91
105.3
104.46
106.11
106.54
105.79
108.01
106.06
106.47
106.51
106.72
106.15
105.17
105.88
106.16
105.5
104.5
104.66
106.6
106.31
106.57
105.98
103.06
106.21
107.74
107.33
106.62
105.44
105.71
106.39
105.69
105.3
106.19
102.97
102.89
103.68
105.25
106.2
105.74
106.58
109.15
105.83
104.78
106.38
106.52
104.24
102.35
104.24
106.07
109.89
108.33
106.31
107.57
108.87
108.06
105.96
104.92
102.87
109.13
106.37
99.98
91.81
98.87
94.84
104.66
91.42
91.04
90.38
93.66
92.61
95.94
97.04
96.48
101.69
96.97
101.75
99.45
94.29
103.56
103.66
109.47
109.56
109.19
107.09
106.13
105.37
102.41
98.19
92.61
89.03
86.91
93
47.37
44.34
102.09
104.72
105.81
106.56
106.41
104.39
104.35
106.92
106.05
104.55
106.44
105.26
105.2
105.94
106.39
107.48
105.46
105.44
104.62
105.93
107.46
103.27
104.62
106.28
105.46
103.88
104.77
105.52
106.71
104.87
106.7
105.6
106.63
107.08
104.54
102.76
104.55
103.69
104.56
105.82
105.84
107.2
105.79
105.33
107.78
108.27
107.07
104.88
106.19
106.35
106.22
107.48
107.83
106.11
106.14
106.91
108.2
107.83
105.94
105.21
108.6
104.58
99.9
98.71
97.98
96.19
95.81
91.87
102.17
93.17
97.58
93.62
95.07
97.52
93.22
103.18
96.33
103.95
99.9
101.71
102.86
106.02
106.41
108.61
106.83
106.54
104.07
105.81
102.25
93.63
77.75
42.93
33.35
24.57
21.44
23.76
30.08
35.42
22.92
52.04
103.89
104.83
104.04
102.42
104.53
104.84
105.94
104.51
103.51
104.55
104.32
104.41
105.79
104.72
102.81
104.01
104.12
105.08
105.09
104.09
102.22
101.1
101.33
101.29
105.43
105.48
103.09
104.53
104.91
95.15
91.51
97.57
96.46
99.49
99.39
99.74
102.91
103.46
105.35
105.13
106.35
107.39
105.25
103.9
104.23
106.71
106.4
107.73
106.49
107.65
106.4
106.88
104.5
105.4
108.12
105.08
107.3
105.97
99.29
100.76
98.79
93.68
93.3
95.4
97.01
96.33
96.74
99.82
100.18
98.29
99.58
96.54
98.95
97.94
99.44
101.55
101.92
104.12
106.19
107.89
106.55
105.18
103.49
99.2
103.05
102.3
100.41
102.57
101.88
103.97
103.55
104.19
103.66
102.37
103.26
103.04
101.55
102.02
101.78
99.81
99.9
103.04
102.37
100.18
102.81
103.85
102.76
102.03
101.31
102.71
101.66
103.54
102.86
103.78
104.05
101.69
102.68
102.78
103.91
103.63
103.85
103.08
103
104.12
103.06
101.78
102.84
101.21
101.59
100.25
103.02
103.96
101.96
102.86
103.08
104.69
103.3
105.5
106.65
108.51
105.38
107.49
105.72
106.51
105.33
104.96
104.87
106.66
104.73
105.05
103.71
105.41
105.37
104.46
99.18
102.96
97.12
95.5
98.87
88.05
97.12
95.67
99.71
96.84
98.47
96.65
98.74
99.63
100.68
101.33
100.11
102.28
102.76
105.94
108.66
108.49
106
106.78
106.22
104.21
100.69
100.79
101.51
99.28
100.24
100.64
103.58
105.08
106.67
103.8
103.76
104.25
104.15
103.25
104.25
104.66
105.17
104.45
105.26
104.69
105.23
104.61
106.69
105.71
105.72
106.07
104.99
105.39
105.05
106.84
107.29
105.25
104.46
105.32
107.31
106.45
107.66
104.49
107.77
106.17
106.87
106.43
106.75
106.42
104.5
102.66
105.14
105.97
105.58
106.57
105.54
109.38
108.89
108.1
107.84
106.02
105.74
106.5
106.9
108.76
106.42
106.48
109.9
107.82
105.54
109.81
108.7
105.78
107.9
105.86
104.88
98.29
102.97
98.01
101.48
102.84
102.13
101.62
99.11
96.54
92.51
94.14
95.45
102
103.25
100.63
101.17
104.58
99.19
105.68
108.41
105.15
108.95
111.15
110.94
108.57
110.83
109.59
110.06
107.07
106.27
111.97
111.98
114.02
110.12
112.86
112.38
110.73
112.66
109.03
110.92
110.31
110.42
109.03
109.23
109.38
110.59
109.74
109.67
105.49
98.59
103.36
108.97
110.02
109.76
110.31
111.16
109.28
110.78
110.62
111.86
111.14
110.03
110.43
113.04
111.46
109.71
108.09
105.99
107.88
104.98
103.42
105.95
106.61
108.06
107.24
108.21
109
109.65
108.36
112.09
111.53
107.85
111
109.51
109.93
107.88
109.22
110.73
107.77
107.21
107.31
111.71
109.03
106.66
106.96
106.73
107.76
106.57
105.41
101.61
103.95
102.39
103.07
100.35
100.66
99.48
102.53
111.67
100.7
102.71
104
103.09
106.42
104.91
104.38
106.41
109.73
110.94
113.43
109.79
110.99
108.63
109.64
112.48
110.51
111.9
111.84
111.46
110.39
108.13
111.78
111.69
111.17
110.69
112.85
109.93
112.46
110.33
111.18
110.4
109.36
109.33
111.47
108.75
109.73
109.17
109.39
108.63
110.16
110.27
110.33
111.52
111.96
109.45
109.15
110.19
111
111.78
106.77
109
107.93
105.14
109.49
105.86
105.73
104.03
106.21
106.63
106.92
104.41
108.61
106.46
110
107.26
109.19
107.51
107.78
106.58
106.29
109.86
108.52
109.08
108.09
109.43
109.19
107.71
107.15
105.07
109.57
106.39
108.09
105.17
101.91
101.48
95.32
97.36
94.78
101.54
95.74
96.38
100.59
99.49
96.94
100.24
99.33
101.34
101.9
101.89
101.47
104.17
104.58
107.36
106.77
107
104.9
106
97.72
94.83
87.94
73.47
46.49
27.6
26.46
27.58
27.18
21.84
58.15
99.54
103.71
103.57
102.87
102.46
103.97
104.1
105.82
105.99
100.7
105.47
103.99
104.02
105.98
104.86
104.84
105.57
106.77
103.95
104.6
104.78
106.32
104.21
104.76
107.27
105.73
107.07
104.41
104.43
104.67
106.49
104.92
103.18
104.32
103.32
105.03
105.19
106.51
105.51
107.03
106.12
106.9
106.71
104.87
106.13
105.29
105.93
106.2
105.39
108.54
107.22
107.81
104.04
107.03
107.84
109.6
107.5
105.57
105.48
100.59
100.89
100.87
101.67
99.4
93.93
96.35
101.49
95.78
97.89
95.69
95.26
94.91
94.25
91.07
97.14
95.09
100.22
101.34
98.46
101.21
105.59
106.84
104.53
104.1
100.04
97.43
92.95
95.81
82.8
64.39
30.61
27.95
32.02
52.78
79.34
86.26
100.3
103.63
102.54
102.33
102.52
102.22
105.41
102.91
102.53
103.79
105.38
105.25
103.99
103.57
102.89
102.6
102.41
102.32
102.56
103.25
103.73
104.45
102.59
103.37
104.45
100.86
103.5
102.84
103.84
106.53
104.19
105.26
101.45
101.49
101.07
103.47
104.3
104.04
103.75
104.79
106.54
104.83
104.97
102.29
105.53
99.59
103.78
99.25
105.47
105.11
104.3
102.71
102.74
103.56
103.43
104.69
104.31
103.81
102.51
103.4
101.53
98.33
99.57
97.06
98.69
92.61
93.67
98.01
98.21
96.08
99.82
97.65
100.38
96.5
98.65
99.4
101.59
99.73
101.8
103.6
107.53
107.91
106.29
104.74
106.01
103.01
100.25
93.03
92.17
89.28
84.27
94.08
88.03
95.05
98.26
99.7
101.39
103.11
104.37
107.62
103.59
104.51
103.39
106.42
105.44
106.55
105.45
104.79
105.75
103.53
103.93
104.34
104.39
101.78
103.79
104.4
104.7
103.5
105.06
104.37
102.94
107
103.7
103.22
104.94
105.23
104.38
102.86
102.04
102.63
102.44
102.82
103.83
102.08
103.08
104.45
106.49
105.82
107.6
108.07
107.92
105.53
105.89
107.19
104.91
106.44
107.14
107.51
105.02
106.85
106.09
104.72
108.64
103.57
103.49
101.22
103.35
96.54
99.85
95.63
97.8
95.83
95.28
97.31
97.67
91.22
98.44
100.8
95.81
95.07
101.18
101.63
101.87
102.18
101.26
103.86
107.09
109.8
108.8
107.56
105.92
103.6
100.41
92.92
92.9
75.67
89.57
70.39
78.05
44.96
86.94
105.6
105.98
103.92
107.01
104.64
103.11
103.41
101.61
102.04
104.64
102.75
104.33
104.62
104.5
104.57
104.94
104.3
105.26
104.52
104.84
104.29
100.22
92.7
93.6
93.61
98.42
105.82
105.32
105.37
104.97
103.99
106.35
106.39
103.34
101.36
102.33
103
103.53
104.53
104.89
104.44
106.52
105.66
105.65
107.51
105.63
106.68
105.13
106.94
103.49
107.27
106.63
106.24
108.28
106.54
106.72
108.09
106.1
106.05
104.92
102.76
103.5
100.29
98.55
101.32
99.33
98.75
98.31
93.7
97.32
98.53
95.45
97.41
95.99
101.2
100.33
98.81
100.52
102.94
103.84
105.45
107.7
110.73
107.43
106.3
105.91
103.59
100.63
98.87
94.19
89.2
84.62
89.14
82.45
38.17
79.53
101.59
102.99
101.95
104.33
103.25
104.45
104.22
105.01
104.64
105.26
103.57
105.78
103.97
106.17
106.52
105.95
104.52
104.47
103.73
105.08
107.46
104.96
106.2
104.56
104.29
105.03
108.44
106.34
105.57
105.35
107.37
107.89
107.24
106.35
102.75
105.32
104.27
103.94
103.48
103.34
100.15
104.25
103.42
104.78
106.36
107.63
104.71
106.17
105.66
104.12
106.79
106.33
103.4
101.89
106.12
106.59
105.14
105.07
108.48
107.24
102.79
100.13
102.54
97.39
101.77
105.54
96.45
99.71
97.36
101.1
98.72
98.05
95.99
100.22
95.18
97.89
99.08
98.84
105.31
102.25
101.21
105.14
106.77
106.82
108.79
109.87
105.3
106.22
106.94
103.72
107.69
110.75
108.56
110.66
110.5
109.78
106.81
107.65
110.78
108.09
106.93
107.93
106.73
106.46
108.21
108.6
108.52
107.76
106.85
107.39
97.13
107.87
107.34
108.09
108.28
105.57
106.78
108.26
106.97
108.43
107.29
107.97
105.85
108.53
107.55
107.98
109.01
106.58
109.57
105.16
103.49
102.51
102.37
103.07
106.62
103.76
103.73
103.15
103.86
103.28
103.97
103.3
104.05
105.02
104.22
103.55
104.32
105.84
107.23
105.72
102.41
106.91
106.69
106.21
106.35
107.41
103.14
101.84
105.93
101.87
102.45
103.17
106.64
102.21
102.19
103.77
96.24
101.19
100.21
104.43
101.72
100.94
99.45
106.37
102.65
102.67
106.87
104.67
108.28
104.32
106.3
106
107.36
105.61
106.72
105.73
107.33
107.14
109.16
107.92
105.61
107.26
107.75
107.86
109.84
109.34
107.22
109.11
107.41
108.1
108.24
107.26
107.81
106.25
108.54
105.92
106.86
107.6
104.78
104.74
104.74
107.69
107.46
108.03
108.34
108.6
107.35
105.9
107.01
108.09
109.41
106.11
106.62
106.58
106.05
104.17
103.72
102.7
102.7
101.37
102.73
101.69
103.27
105.8
103.19
102.97
105.89
106.82
107.34
102.93
88.86
89.53
86.91
89.62
103.49
104.46
104.8
104.87
105.56
104.23
102.06
102.67
100.98
103.98
97.36
100.8
96.75
92.33
82.38
84.7
90.38
95.87
99.18
96.27
96.2
98.09
95.49
96.98
97.01
100.97
101.16
102.13
103.08
105.71
106.38
105.19
104.17
102.88
102.11
97.97
95.2
84.44
83.68
46.4
72.11
48.33
33.49
72.3
100.77
103.22
104.28
104.91
101.9
103.48
104.43
104.01
105.33
104.22
103.28
105.7
104.49
104.44
105.21
104.08
103.22
104.72
104.49
103.13
105.86
105.88
105.38
104.58
103.77
101.73
104.66
102.87
102.93
103.3
105.11
107.4
106.34
105.35
104.81
103.92
100.87
102.69
104.83
105.16
105.22
104.52
103.69
104.75
105.91
105.88
105.96
101.31
102.15
108.51
106.93
108.37
103.06
102.52
105.78
105.72
103.67
104.4
105.49
106.16
99.5
93.78
91.81
90.28
94.29
96.96
92.58
93.28
96.27
88.4
87.78
93.75
83.19
97.91
96.87
105.01
96.63
102.04
103.05
103.2
103.1
108.63
108.78
105.87
105.41
105.88
103.51
98.62
94.42
92.67
93.12
92.15
98.11
98.74
101.92
105.2
104.2
106.26
106.28
106.25
103.25
104.62
105.02
105.38
105.65
105.43
103.86
103.75
106.39
107.14
105.78
105.55
105.72
103.43
103.09
104.59
107.12
107
104.96
104.23
103.28
104.03
105.01
104.56
105.34
105.2
106.75
106.41
106.72
106.49
102.76
103.44
101.12
103.02
104.85
103.03
104.94
105.54
105.02
104.37
103.9
104.5
105.03
103.13
100.17
100.61
98.87
97.18
98.46
95.66
93.63
88.23
91.79
93.16
92.71
87.5
86.43
89.54
92.31
92.05
94.8
89.55
95.43
94.48
91.49
95.2
92.31
93.59
96.5
96.54
96.08
96.27
98.31
101.69