33
66
120
152
179
233
217
153
133
129
101
87
90
84
76
85
84
71
103
110
145
93
104
76
73
95
81
81
73
92
127
94
96
124
108
120
145
235
279
325
329
403
413
418
464
533
593
623
651
675
687
655
708
659
592
641
602
629
582
573
593
605
597
530
637
577
612
611
574
541
510
405
415
390
373
357
318
299
271
285
259
240
223
231
196
196
192
171
154
115
122
99
85
94
102
64
63
53
64
45
48
35
52
34
66
45
40
50
49
57
61
70
136
147
202
301
395
548
679
595
646
670
675
713
707
731
702
653
662
665
581
570
532
590
606
657
630
658
701
730
716
759
761
712
677
751
656
679
607
656
602
617
592
638
679
658
573
613
707
631
716
760
808
752
813
773
683
632
601
568
466
421
349
326
299
263
352
276
239
222
199
247
200
186
186
238
156
125
118
93
92
88
103
75
64
71
83
46
35
64
104
73
74
57
57
71
56
76
130
160
209
308
429
582
755
675
705
781
825
763
784
864
885
836
779
827
742
710
652
705
725
663
652
624
642
624
625
600
631
616
609
633
631
598
524
582
563
497
573
583
671
662
655
628
617
635
669
755
776
739
744
718
673
678
570
544
515
436
375
340
298
277
299
289
248
233
187
187
216
172
172
232
135
135
124
100
106
95
94
57
53
42
40
49
36
54
53
61
56
54
69
77
78
82
110
125
189
294
384
568
688
693
670
777
762
723
758
856
864
847
773
857
902
705
681
679
708
711
681
672
680
688
703
636
627
636
665
662
695
637
724
646
606
605
661
741
669
680
642
607
649
714
704
746
744
772
776
744
718
708
670
701
560
525
416
408
343
297
338
301
266
217
222
198
207
196
184
162
179
160
124
126
98
106
106
114
78
74
63
55
72
53
40
107
80
63
64
61
80
64
126
101
121
140
176
189
222
237
307
295
269
271
276
347
379
455
390
480
521
497
477
518
586
599
637
711
801
738
762
709
796
756
732
781
897
768
742
752
762
661
646
727
726
597
624
631
651
648
654
718
704
625
670
630
628
591
582
593
516
484
413
395
344
295
371
315
294
226
216
206
166
161
204
247
228
174
171
156
180
144
146
108
96
126
112
106
62
47
52
128
79
90
44
71
76
58
66
103
96
96
114
128
146
115
215
218
194
172
150
179
219
261
247
331
357
355
394
513
555
605
662
646
665
741
727
779
755
694
782
851
814
763
657
711
763
715
645
719
657
677
622
589
640
540
830
760
725
597
669
617
542
530
586
488
474
445
384
417
359
332
306
436
367
253
256
204
234
248
276
282
177
110
106
98
95
82
125
112
75
76
88
74
39
48
107
59
83
79
66
87
86
89
144
180
261
385
543
834
947
997
947
1011
1005
917
841
814
740
763
734
890
789
606
552
523
484
463
420
404
364
425
409
504
507
511
523
528
559
510
507
532
461
478
474
585
560
498
549
570
592
568
641
674
696
694
713
742
644
615
595
535
474
415
278
267
238
246
283
265
213
181
125
106
73
4
0
0
1
0
0
0
0
0
0
0
0
0
0
0
0
0
0
3
0
2
1
0
0
0
2
0
18
275
443
677
818
799
867
876
904
916
917
862
881
807
877
824
828
857
853
753
703
627
605
523
563
563
525
532
604
493
523
593
587
524
501
509
489
549
514
570
564
532
559
587
637
610
581
743
757
744
708
778
683
738
599
583
494
417
363
354
303
261
254
204
135
44
43
46
31
27
37
34
34
19
14
17
8
6
7
4
6
1
7
4
4
2
2
13
5
32
26
34
62
63
70
119
181
289
473
678
899
813
855
965
851
857
957
882
834
814
852
817
782
797
850
845
750
641
678
575
545
656
591
548
558
558
535
584
618
597
554
535
511
514
519
594
562
616
584
600
631
657
653
719
734
685
723
741
664
664
563
609
494
401
368
358
306
296
223
159
52
0
0
0
2
0
1
0
0
1
3
1
2
2
0
2
3
4
2
0
2
0
2
2
2
4
8
35
52
55
93
101
184
257
486
704
889
833
869
933
839
907
909
909
837
798
833
823
812
848
874
815
758
690
657
571
605
609
588
530
572
610
552
618
606
566
547
543
529
501
511
612
539
549
647
685
660
673
642
761
750
742
737
778
705
648
615
545
501
487
438
348
340
297
276
157
23
0
0
1
0
0
0
0
3
1
2
0
2
5
2
1
0
4
1
2
1
0
0
6
3
2
2
35
61
54
101
112
208
283
473
666
794
764
839
852
901
825
852
838
798
805
831
827
821
825
700
735
736
658
630
658
600
612
561
620
626
611
582
633
650
616
585
619
620
646
633
643
650
606
629
633
702
738
722
758
692
810
738
770
764
703
624
617
558
452
513
394
353
332
306
271
254
216
196
196
188
200
173
152
137
134
137
120
99
119
103
80
67
52
89
65
60
50
58
68
80
69
70
77
65
69
72
92
133
129
178
223
226
263
272
345
343
312
374
377
457
453
434
543
578
569
512
591
686
662
752
723
785
848
865
811
811
826
752
861
807
793
805
801
741
766
659
733
715
684
727
716
692
711
700
733
691
708
719
720
756
628
633
607
586
522
483
369
335
320
337
299
271
232
181
235
229
200
206
200
175
152
176
158
141
119
158
124
89
114
105
75
58
48
49
46
39
31
35
70
61
49
66
58
59
68
96
132
154
125
144
192
198
180
211
199
247
270
281
348
381
377
406
538
564
539
586
691
742
750
762
751
800
834
823
770
872
823
853
898
879
800
702
699
774
651
747
710
721
731
745
757
711
576
544
709
585
518
715
656
556
508
493
476
372
347
399
416
398
298
236
282
251
269
199
210
139
125
133
128
90
81
68
72
53
57
77
46
48
36
49
80
78
55
74
104
91
99
141
186
257
376
544
796
993
924
900
915
903
888
838
809
800
799
825
799
765
823
875
860
815
619
637
582
611
593
566
565
513
542
539
570
593
544
562
510
543
502
502
558
550
569
484
596
577
618
624
717
659
677
741
771
694
702
587
563
435
416
368
301
300
245
265
257
233
185
178
197
208
186
175
142
146
114
115
79
96
67
99
50
56
54
56
42
35
47
53
50
68
65
50
75
77
67
127
155
224
291
516
778
925
871
891
933
917
931
858
887
787
782
827
845
874
838
869
912
884
742
601
650
605
557
573
552
566
542
597
554
593
548
518
588
562
518
500
577
612
605
532
616
641
640
672
765
757
709
792
727
759
666
644
634
477
409
400
355
296
287
297
264
195
204
203
239
189
221
190
173
170
120
139
94
100
68
60
66
66
43
52
52
46
41
46
61
44
78
66
95
80
86
118
169
227
317
470
755
912
879
842
887
937
887
825
749
742
629
685
828
888
649
918
883
859
707
671
667
637
548
520
536
600
563
612
600
619
597
573
579
577
565
511
580
621
624
582
593
593
655
701
735
748
734
744
749
663
698
622
600
484
447
351
357
330
315
282
292
201
200
234
215
192
220
183
180
163
121
116
116
91
86
84
92
74
69
43
38
53
43
43
52
49
93
74
82
88
94
107
156
197
396
517
768
938
904
799
612
667
678
534
672
730
687
687
862
713
793
771
807
858
741
781
763
444
596
760
611
535
563
518
617
588
626
555
569
557
518
543
624
648
527
651
634
683
669
639
781
762
798
787
769
807
697
643
697
595
483
419
386
330
281
281
275
249
198
206
225
194
197
174
159
150
127
125
96
97
103
76
77
72
62
42
47
55
32
62
54
62
62
57
64
64
83
100
172
259
343
506
716
883
858
835
886
891
863
915
848
841
774
746
798
768
890
832
757
758
692
629
613
638
609
600
593
625
584
610
604
641
625
653
657
605
592
587
706
657
687
642
656
773
756
809
782
760
699
652
738
762
702
700
615
564
537
440
388
392
341
288
264
236
201
149
203
175
183
191
142
140
131
119
127
104
98
80
85
62
67
53
45
62
33
57
47
49
28
53
69
60
68
68
71
87
116
142
209
222
218
283
353
351
339
310
402
431
405
438
490
543
515
483
554
637
660
629
637
711
697
696
705
809
773
721
800
853
854
765
739
758
701
706
693
719
657
611
656
709
657
640
649
676
702
641
677
670
641
582
529
534
445
439
313
341
267
275
232
217
143
146
154
129
164
168
162
157
154
140
151
129
116
89
100
74
86
48
59
54
48
52
41
24
33
43
27
38
61
30
43
67
80
97
118
123
133
148
207
173
173
165
178
242
246
252
314
336
334
360
510
554
524
498
647
681
721
731
658
727
712
738
713
749
790
706
715
706
717
608
637
674
647
609
564
674
641
706
711
705
649
689
694
630
587
538
581
480
495
458
351
377
353
332
369
330
205
226
252
221
210
169
151
154
145
109
108
93
81
58
55
66
41
55
41
36
33
35
51
38
52
49
52
65
92
115
148
234
326
515
729
997
950
867
846
837
810
789
731
755
725
766
663
932
818
826
829
805
797
666
580
599
590
542
582
575
539
539
597
568
528
500
566
534
476
490
569
584
527
544
518
605
618
622
660
663
734
733
743
664
633
617
562
522
407
368
315
303
250
256
278
225
216
193
244
186
202
196
155
122
117
114
113
89
86
72
81
53
71
48
56
72
58
78
73
81
71
79
76
72
78
126
154
237
356
471
788
940
929
813
874
711
832
818
795
746
722
712
827
811
826
798
823
743
685
645
556
558
513
586
557
568
527
584
554
564
579
573
573
558
532
494
534
631
668
642
745
791
806
681
743
780
745
717
704
695
696
653
563
482
480
400
352
310
293
271
261
204
223
224
239
191
161
176
173
145
135
118
108
94
86
72
48
51
56
60
45
39
58
48
39
58
46
71
89
72
96
102
150
245
310
525
730
926
888
854
925
858
846
847
820
777
748
800
850
829
873
822
748
753
674
634
592
530
615
510
559
588
564
566
560
570
578
515
538
612
485
511
430
567
615
625
601
708
660
674
727
786
826
775
755
735
689
668
620
488
468
413
363
326
328
291
298
248
195
210
191
187
209
218
185
163
148
128
126
85
87
94
71
72
51
60
47
35
49
43
65
51
85
103
99
96
91
96
150
243
277
433
635
769
908
936
913
880
868
892
854
786
720
772
852
823
772
837
812
843
712
611
617
636
595
585
577
512
577
517
597
539
570
561
583
511
480
654
573
593
585
565
642
576
688
752
746
706
762
842
749
754
711
694
611
551
474
415
392
318
341
296
259
181
222
228
231
214
213
206
192
141
138
116
113
119
111
83
59
66
56
52
55
56
59
51
46
59
71
62
69
90
108
124
157
254
336
467
737
872
794
758
841
818
774
847
849
733
798
717
818
802
791
821
696
769
651
580
704
641
570
573
616
643
559
579
635
642
614
607
640
634
594
549
623
658
659
536
684
693
702
676
690
619
656
658
522
529
512
797
758
822
749
659
549
396
370
311
281
243
220
206
264
209
181
170
175
169
148
126
160
127
114
105
106
82
64
79
69
72
53
57
92
64
65
76
75
69
69
63
94
131
128
174
202
232
224
288
350
386
341
338
372
413
429
463
528
641
618
571
607
700
688
546
831
752
815
800
783
776
850
812
835
878
843
837
828
767
750
761
747
746
693
724
677
735
741
764
732
688
698
729
704
648
692
527
609
555
514
421
381
346
338
314
299
262
212
219
238
178
256
203
187
175
189
206
194
148
106
124
132
96
83
71
88
66
99
66
56
60
43
43
73
73
67
55
88
81
69
100
111
107
141
147
190
172
187
192
203
179
275
266
337
355
322
411
492
554
526
628
649
727
782
766
778
745
860
827
774
834
864
785
767
807
676
735
679
724
688
668
658
639
655
733
825
706
692
650
655
630
581
541
559
457
458
469
470
344
372
345
312
385
327
269
231
226
228
238
146
136
128
104
122
84
67
61
60
61
53
70
60
29
43
43
54
62
54
64
81
78
78
121
191
309
364
549
751
955
982
874
904
888
856
839
822
764
742
687
874
778
797
753
748
691
593
622
600
538
564
603
591
580
576
577
562
534
551
523
535
539
498
527
559
539
550
550
575
543
669
671
725
773
769
787
719
743
742
636
542
481
465
398
372
299
287
264
262
246
245
205
144
109
42
42
40
29
23
20
19
15
6
4
18
14
15
7
10
11
9
10
12
6
7
8
15
14
59
89
150
235
321
563
711
973
906
891
902
899
867
870
817
649
786
736
816
855
896
908
764
818
695
636
629
638
555
569
581
605
564
560
542
539
571
589
592
514
533
490
561
578
569
566
535
549
634
562
607
565
611
627
662
673
688
613
616
492
424
384
369
320
247
237
244
246
206
207
200
178
159
187
174
125
113
108
89
88
70
70
50
66
37
54
61
43
42
55
51
40
64
66
85
79
81
99
137
249
326
496
665
841
817
802
840
842
769
786
804
707
768
720
744
827
840
837
820
752
687
573
542
572
513
518
592
516
504
551
508
578
550
547
555
533
501
542
632
585
582
536
602
627
675
750
795
746
749
777
752
739
690
621
572
508
440
411
346
309
297
221
186
142
79
44
52
34
33
52
39
22
13
18
6
18
16
13
12
12
11
5
13
7
10
12
7
10
8
9
11
9
11
18
23
54
307
452
664
828
902
813
832
810
829
835
810
755
769
786
789
771
786
775
777
749
742
597
504
557
522
527
539
591
558
519
549
554
567
510
517
526
540
536
637
608
622
623
582
656
681
686
771
683
827
784
720
669
706
647
605
531
419
386
423
318
281
278
244
254
192
189
209
199
181
184
170
126
109
115
81
99
90
33
66
120
152
179
233
217
153
133
129
101
87
90
84
76
85
84
71
103
110
145
93
104
76
73
95
81
81
73
92
127
94
96
124
108
120
145
235
279
325
329
403
413
418
464
533
593
623
651
675
687
655
708
659
592
641
602
629
582
573
593
605
597
530
637
577
612
611
574
541
510
405
415
390
373
357
318
299
271
285
259
240
223
231
196
196
192
171
154
115
122
99
85
94
102
64
63
53
64
45
48
35
52
34
66
45
40
50
49
57
61
70
136
147
202
301
395
548
679
595
646
670
675
713
707
731
702
653
662
665
581
570
532
590
606
657
630
658
701
730
716
759
761
712
677
751
656
679
607
656
602
617
592
638
679
658
573
613
707
631
716
760
808
752
813
773
683
632
601
568
466
421
349
326
299
263
352
276
239
222
199
247
200
186
186
238
156
125
118
93
92
88
103
75
64
71
83
46
35
64
104
73
74
57
57
71
56
76
130
160
209
308
429
582
755
675
705
781
825
763
784
864
885
836
779
827
742
710
652
705
725
663
652
624
642
624
625
600
631
616
609
633
631
598
524
582
563
497
573
583
671
662
655
628
617
635
669
755
776
739
744
718
673
678
570
544
515
436
375
340
298
277
299
289
248
233
187
187
216
172
172
232
135
135
124
100
106
95
94
57
53
42
40
49
36
54
53
61
56
54
69
77
78
82
110
125
189
294
384
568
688
693
670
777
762
723
758
856
864
847
773
857
902
705
681
679
708
711
681
672
680
688
703
636
627
636
665
662
695
637
724
646
606
605
661
741
669
680
642
607
649
714
704
746
744
772
776
744
718
708
670
701
560
525
416
408
343
297
338
301
266
217
222
198
207
196
184
162
179
160
124
126
98
106
106
114
78
74
63
55
72
53
40
107
80
63
64
61
80
64
126
101
121
140
176
189
222
237
307
295
269
271
276
347
379
455
390
480
521
497
477
518
586
599
637
711
801
738
762
709
796
756
732
781
897
768
742
752
762
661
646
727
726
597
624
631
651
648
654
718
704
625
670
630
628
591
582
593
516
484
413
395
344
295
371
315
294
226
216
206
166
161
204
247
228
174
171
156
180
144
146
108
96
126
112
106
62
47
52
128
79
90
44
71
76
58
66
103
96
96
114
128
146
115
215
218
194
172
150
179
219
261
247
331
357
355
394
513
555
605
662
646
665
741
727
779
755
694
782
851
814
763
657
711
763
715
645
719
657
677
622
589
640
540
830
760
725
597
669
617
542
530
586
488
474
445
384
417
359
332
306
436
367
253
256
204
234
248
276
282
177
110
106
98
95
82
125
112
75
76
88
74
39
48
107
59
83
79
66
87
86
89
144
180
261
385
543
834
947
997
947
1011
1005
917
841
814
740
763
734
890
789
606
552
523
484
463
420
404
364
425
409
504
507
511
523
528
559
510
507
532
461
478
474
585
560
498
549
570
592
568
641
674
696
694
713
742
644
615
595
535
474
415
278
267
238
246
283
265
213
181
125
106
73
4
0
0
1
0
0
0
0
0
0
0
0
0
0
0
0
0
0
3
0
2
1
0
0
0
2
0
18
275
443
677
818
799
867
876
904
916
917
862
881
807
877
824
828
857
853
753
703
627
605
523
563
563
525
532
604
493
523
593
587
524
501
509
489
549
514
570
564
532
559
587
637
610
581
743
757
744
708
778
683
738
599
583
494
417
363
354
303
261
254
204
135
44
43
46
31
27
37
34
34
19
14
17
8
6
7
4
6
1
7
4
4
2
2
13
5
32
26
34
62
63
70
119
181
289
473
678
899
813
855
965
851
857
957
882
834
814
852
817
782
797
850
845
750
641
678
575
545
656
591
548
558
558
535
584
618
597
554
535
511
514
519
594
562
616
584
600
631
657
653
719
734
685
723
741
664
664
563
609
494
401
368
358
306
296
223
159
52
0
0
0
2
0
1
0
0
1
3
1
2
2
0
2
3
4
2
0
2
0
2
2
2
4
8
35
52
55
93
101
184
257
486
704
889
833
869
933
839
907
909
909
837
798
833
823
812
848
874
815
758
690
657
571
605
609
588
530
572
610
552
618
606
566
547
543
529
501
511
612
539
549
647
685
660
673
642
761
750
742
737
778
705
648
615
545
501
487
438
348
340
297
276
157
23
0
0
1
0
0
0
0
3
1
2
0
2
5
2
1
0
4
1
2
1
0
0
6
3
2
2
35
61
54
101
112
208
283
473
666
794
764
839
852
901
825
852
838
798
805
831
827
821
825
700
735
736
658
630
658
600
612
561
620
626
611
582
633
650
616
585
619
620
646
633
643
650
606
629
633
702
738
722
758
692
810
738
770
764
703
624
617
558
452
513
394
353
332
306
271
254
216
196
196
188
200
173
152
137
134
137
120
99
119
103
80
67
52
89
65
60
50
58
68
80
69
70
77
65
69
72
92
133
129
178
223
226
263
272
345
343
312
374
377
457
453
434
543
578
569
512
591
686
662
752
723
785
848
865
811
811
826
752
861
807
793
805
801
741
766
659
733
715
684
727
716
692
711
700
733
691
708
719
720
756
628
633
607
586
522
483
369
335
320
337
299
271
232
181
235
229
200
206
200
175
152
176
158
141
119
158
124
89
114
105
75
58
48
49
46
39
31
35
70
61
49
66
58
59
68
96
132
154
125
144
192
198
180
211
199
247
270
281
348
381
377
406
538
564
539
586
691
742
750
762
751
800
834
823
770
872
823
853
898
879
800
702
699
774
651
747
710
721
731
745
757
711
576
544
709
585
518
715
656
556
508
493
476
372
347
399
416
398
298
236
282
251
269
199
210
139
125
133
128
90
81
68
72
53
57
77
46
48
36
49
80
78
55
74
104
91
99
141
186
257
376
544
796
993
924
900
915
903
888
838
809
800
799
825
799
765
823
875
860
815
619
637
582
611
593
566
565
513
542
539
570
593
544
562
510
543
502
502
558
550
569
484
596
577
618
624
717
659
677
741
771
694
702
587
563
435
416
368
301
300
245
265
257
233
185
178
197
208
186
175
142
146
114
115
79
96
67
99
50
56
54
56
42
35
47
53
50
68
65
50
75
77
67
127
155
224
291
516
778
925
871
891
933
917
931
858
887
787
782
827
845
874
838
869
912
884
742
601
650
605
557
573
552
566
542
597
554
593
548
518
588
562
518
500
577
612
605
532
616
641
640
672
765
757
709
792
727
759
666
644
634
477
409
400
355
296
287
297
264
195
204
203
239
189
221
190
173
170
120
139
94
100
68
60
66
66
43
52
52
46
41
46
61
44
78
66
95
80
86
118
169
227
317
470
755
912
879
842
887
937
887
825
749
742
629
685
828
888
649
918
883
859
707
671
667
637
548
520
536
600
563
612
600
619
597
573
579
577
565
511
580
621
624
582
593
593
655
701
735
748
734
744
749
663
698
622
600
484
447
351
357
330
315
282
292
201
200
234
215
192
220
183
180
163
121
116
116
91
86
84
92
74
69
43
38
53
43
43
52
49
93
74
82
88
94
107
156
197
396
517
768
938
904
799
612
667
678
534
672
730
687
687
862
713
793
771
807
858
741
781
763
444
596
760
611
535
563
518
617
588
626
555
569
557
518
543
624
648
527
651
634
683
669
639
781
762
798
787
769
807
697
643
697
595
483
419
386
330
281
281
275
249
198
206
225
194
197
174
159
150
127
125
96
97
103
76
77
72
62
42
47
55
32
62
54
62
62
57
64
64
83
100
172
259
343
506
716
883
858
835
886
891
863
915
848
841
774
746
798
768
890
832
757
758
692
629
613
638
609
600
593
625
584
610
604
641
625
653
657
605
592
587
706
657
687
642
656
773
756
809
782
760
699
652
738
762
702
700
615
564
537
440
388
392
341
288
264
236
201
149
203
175
183
191
142
140
131
119
127
104
98
80
85
62
67
53
45
62
33
57
47
49
28
53
69
60
68
68
71
87
116
142
209
222
218
283
353
351
339
310
402
431
405
438
490
543
515
483
554
637
660
629
637
711
697
696
705
809
773
721
800
853
854
765
739
758
701
706
693
719
657
611
656
709
657
640
649
676
702
641
677
670
641
582
529
534
445
439
313
341
267
275
232
217
143
146
154
129
164
168
162
157
154
140
151
129
116
89
100
74
86
48
59
54
48
52
41
24
33
43
27
38
61
30
43
67
80
97
118
123
133
148
207
173
173
165
178
242
246
252
314
336
334
360
510
554
524
498
647
681
721
731
658
727
712
738
713
749
790
706
715
706
717
608
637
674
647
609
564
674
641
706
711
705
649
689
694
630
587
538
581
480
495
458
351
377
353
332
369
330
205
226
252
221
210
169
151
154
145
109
108
93
81
58
55
66
41
55
41
36
33
35
51
38
52
49
52
65
92
115
148
234
326
515
729
997
950
867
846
837
810
789
731
755
725
766
663
932
818
826
829
805
797
666
580
599
590
542
582
575
539
539
597
568
528
500
566
534
476
490
569
584
527
544
518
605
618
622
660
663
734
733
743
664
633
617
562
522
407
368
315
303
250
256
278
225
216
193
244
186
202
196
155
122
117
114
113
89
86
72
81
53
71
48
56
72
58
78
73
81
71
79
76
72
78
126
154
237
356
471
788
940
929
813
874
711
832
818
795
746
722
712
827
811
826
798
823
743
685
645
556
558
513
586
557
568
527
584
554
564
579
573
573
558
532
494
534
631
668
642
745
791
806
681
743
780
745
717
704
695
696
653
563
482
480
400
352
310
293
271
261
204
223
224
239
191
161
176
173
145
135
118
108
94
86
72
48
51
56
60
45
39
58
48
39
58
46
71
89
72
96
102
150
245
310
525
730
926
888
854
925
858
846
847
820
777
748
800
850
829
873
822
748
753
674
634
592
530
615
510
559
588
564
566
560
570
578
515
538
612
485
511
430
567
615
625
601
708
660
674
727
786
826
775
755
735
689
668
620
488
468
413
363
326
328
291
298
248
195
210
191
187
209
218
185
163
148
128
126
85
87
94
71
72
51
60
47
35
49
43
65
51
85
103
99
96
91
96
150
243
277
433
635
769
908
936
913
880
868
892
854
786
720
772
852
823
772
837
812
843
712
611
617
636
595
585
577
512
577
517
597
539
570
561
583
511
480
654
573
593
585
565
642
576
688
752
746
706
762
842
749
754
711
694
611
551
474
415
392
318
341
296
259
181
222
228
231
214
213
206
192
141
138
116
113
119
111
83
59
66
56
52
55
56
59
51
46
59
71
62
69
90
108
124
157
254
336
467
737
872
794
758
841
818
774
847
849
733
798
717
818
802
791
821
696
769
651
580
704
641
570
573
616
643
559
579
635
642
614
607
640
634
594
549
623
658
659
536
684
693
702
676
690
619
656
658
522
529
512
797
758
822
749
659
549
396
370
311
281
243
220
206
264
209
181
170
175
169
148
126
160
127
114
105
106
82
64
79
69
72
53
57
92
64
65
76
75
69
69
63
94
131
128
174
202
232
224
288
350
386
341
338
372
413
429
463
528
641
618
571
607
700
688
546
831
752
815
800
783
776
850
812
835
878
843
837
828
767
750
761
747
746
693
724
677
735
741
764
732
688
698
729
704
648
692
527
609
555
514
421
381
346
338
314
299
262
212
219
238
178
256
203
187
175
189
206
194
148
106
124
132
96
83
71
88
66
99
66
56
60
43
43
73
73
67
55
88
81
69
100
111
107
141
147
190
172
187
192
203
179
275
266
337
355
322
411
492
554
526
628
649
727
782
766
778
745
860
827
774
834
864
785
767
807
676
735
679
724
688
668
658
639
655
733
825
706
692
650
655
630
581
541
559
457
458
469
470
344
372
345
312
385
327
269
231
226
228
238
146
136
128
104
122
84
67
61
60
61
53
70
60
29
43
43
54
62