8
37
79
81
55
44
50
30
37
26
20
21
14
17
19
17
21
21
17
25
15
27
23
45
34
38
42
55
49
63
57
63
58
65
73
86
93
118
115
148
146
215
185
241
276
320
347
353
377
419
459
418
426
357
391
402
372
377
363
373
394
406
393
459
472
422
470
388
428
321
338
314
254
256
236
214
185
156
168
173
119
119
98
105
116
92
73
75
48
82
40
30
30
29
16
19
11
16
14
10
13
12
10
9
15
8
13
18
15
14
21
33
33
46
43
88
124
184
230
352
432
498
553
581
594
635
586
579
541
460
443
401
323
332
280
352
325
343
396
386
395
339
335
313
356
319
362
347
364
346
330
369
424
365
354
312
334
335
339
355
362
352
359
360
403
369
390
303
291
277
265
195
260
152
140
146
151
134
94
76
108
84
70
102
118
140
120
143
66
34
31
23
25
18
14
18
16
15
7
19
11
9
17
11
22
14
21
31
36
44
50
77
125
189
249
349
414
539
640
677
826
709
691
620
632
620
523
476
364
368
345
368
304
291
304
306
309
295
272
289
285
292
280
288
304
288
296
309
336
308
285
294
365
357
364
355
331
354
379
355
364
377
334
318
317
267
224
204
179
182
150
128
96
133
92
91
99
87
88
78
90
108
86
78
72
56
25
15
18
22
14
15
5
15
11
13
17
15
12
13
