118.36
113.01
115.05
113.52
114.24
111.65
110.81
109.44
110.82
114.36
109.75
117.0
111.17
110.48
110.63
112.69
109.71
115.91
117.97
111.82
111.27
117.93
112.92
109.27
113.33
115.62
114.75
112.98
111.8
118.41
110.65
113.51
115.14
116.9
116.82
117.91
112.78
116.34
113.55
116.39
110.91
114.82
115.76
113.41
115.04
116.79
112.83
113.69
110.7
111.08
114.17
113.64
115.62
117.97
117.15
116.22
116.84
117.14
116.55
117.7
118.13
118.11
118.36
116.64
115.98
118.15
113.38
114.3
112.09
116.12
114.32
114.97
114.87
115.16
115.11
115.06
116.02
115.92
115.13
118.27
114.48
114.92
115.85
115.08
115.5
113.99
117.62
113.61
112.16
113.52
115.28
116.54
110.97
115.02
113.54
109.99
106.95
108.37
108.25
110.55
115.71
101.79
106.6
106.59
107.74
114.75
115.25
106.58
113.76
116.32
108.08
111.18
117.72
116.51
110.59
115.73
115.69
118.0
116.7
117.56
115.52
114.88
113.27
110.35
109.28
108.33
108.39
108.7
110.28
111.82
111.95
113.76
114.35
113.49
111.84
110.93
111.3
109.73
109.5
106.45
103.45
104.32
104.5
107.65
107.18
109.12
106.25
108.38
110.07
110.47
112.58
112.33
111.37
113.23
113.29
113.4
115.4
112.83
115.99
113.49
114.88
113.68
110.7
111.64
111.48
111.67
112.19
112.61
112.5
113.34
113.39
112.94
113.44
115.74
112.51
114.04
113.78
110.07
110.65
109.57
108.17
103.97
110.87
109.25
106.25
107.66
110.4
108.99
107.34
100.72
101.85
109.44
107.79
106.09
111.81
108.16
111.7
109.0
106.72
106.33
105.25
102.34
106.07
113.05
109.47
105.2
101.59
106.26
110.34
109.98
109.49
115.39
112.68
115.71
117.48
116.35
115.83
108.75
107.77
106.4
99.41
105.28
104.13
107.74
108.3
107.38
109.97
112.34
111.92
112.79
112.57
113.36
113.35
113.48
113.0
112.56
115.16
113.79
113.2
114.2
112.61
112.4
114.47
114.1
114.88
112.2
113.65
114.99
112.98
113.69
112.51
112.82
114.11
112.56
113.16
114.39
114.49
114.71
113.65
112.74
112.14
112.54
112.98
114.04
113.49
113.12
116.34
115.94
115.71
116.79
116.22
111.99
116.22
113.32
115.16
115.11
114.64
114.6
116.71
114.03
115.5
115.18
117.17
115.88
116.41
110.52
117.02
111.67
108.56
109.26
110.48
112.36
123.96
116.05
109.08
108.44
112.31
108.31
108.57
103.55
