103.18
104.79
106.27
102.5
100.19
101.11
102.12
100.01
103.22
102.26
100.16
102.85
104.38
104.58
102.17
103.85
101.07
101.03
102.64
102.8
106.99
104.42
101.88
101.8
104.61
101.83
103.51
100.31
105.71
101.24
103.08
107.24
105
106.97
104.2
103.37
102.83
103.09
103.43
104.54
101.71
102.9
103.64
101.8
102.41
102.38
100.85
101.13
101.42
101.21
101.55
101.23
101.99
103.35
101.58
103.57
100.88
102.45
101.88
100.4
103.82
103.24
101.59
102.93
100.05
99.86
97.95
99.75
97.98
101.41
100.43
100.07
102.85
99.12
101.29
100.98
101.91
102.29
100.45
101.48
103.95
103.73
104.45
102.53
101.94
101.69
102.98
103.25
104.92
103.94
102.81
104.03
104.38
103.67
104.32
104.84
101.43
104.81
106.83
100.66
105.23
101.57
100.69
97.31
107.39
100.61
100.01
100.21
101.19
99.99
103.46
100.55
98
98.76
102.67
102.37
101.36
102.97
102.79
103.91
102.83
102.68
104.71
102.79
102.02
100.53
101.46
104.72
104.04
103.71
103.91
104.59
100.61
98.93
99.39
100.03
99.44
101.34
99.69
98.46
99.55
97.66
99.82
99.17
99.87
98.67
98.53
101.06
99.57
98.65
101.14
100.48
100.25
100.16
100.49
101.78
101.03
97.57
97.69
98.4
98.08
93.5
94.56
93.82
92.06
92.71
96.39
96.71
97.68
99.79
99.68
99.31
101.35
102.42
102.41
103.54
101.46
102.45
103.42
104.34
103.17
103.66
102.43
105.58
105.74
106.53
107.06
105.96
105.58
106.7
105.24
102.69
100.49
105.98
100.69
100.24
102.56
102.13
100.52
100.24
99.7
98.22
101.08
101.88
103.35
101.97
102.68
100.42
101.63
103.58
102.36
100.26
102.6
100.99
102.37
104.12
101.99
102.38
103.32
101.27
101.3
100.21
100.07
101.36
102.04
101.62
102.03
103.13
103.28
101.63
100.63
101.22
99.4
99.22
99.81
100.91
98.91
98.74
100.11
99.17
98.91
100.41
98.37
99.52
99.68
98.04
101.49
100.83
99.28
97.08
98.4
97.6
96.13
96.62
96.13
97.38
94.16
91.4
88.86
92.25
90.35
90.66
90.12
94.27
97.69
98.15
99.13
99.87
101.55
100.32
101.57
103.21
103.28
103.23
103.3
101.21
102.08
103.41
105.68
103.83
106.48
104.05
104.83
104.91
103.01
102.08
103.24
102.52
100.78
102.53
100.04
101.59
102.52
101.14
102.74
104.49
104.03
103.92
102.68
101.73
100.96
102.46
98.63
100.06
103.2
102.08
102.95
100.17
101.61
103.65
102.71
102.43
104.41
102.34
102.32
103.34
99.77
100.67
98.82
101.29
103
102.33
98.99
99.2
99.29
98.9
97.15
96.73
98.84
97.4
99.07
99.22
98.79
98.91
99.66
99.25
99.73
99.85
99.21
98.4
100.74
97.24
97.76
98.88
99.8
98.89
99.58
98.46
97.61
97.96
96.27
98.28
96.67
94.65
91.28
92.03
91.63
93.44
94.43
95.44
96.94
98.62
98.62
98.47
100.44
100.7
101.46
103.29
102.51
103.6
102.27
102.16
102.97
100.83
101.28
104.71
106.06
104
105.38
104.74
104.78
105.01
103.99
104.55
104.78
103.07
103.1
99.6
104.64
103.93
101.03
104.55
106.65
98.52
102.41
103.04
102.01
101.44
101.22
98.96
101.77
99.9
99.05
100.98
101.29
101.97
103.43
101.75
102.26
103.38
105.6
104.45
103.03
102.8
104.59
103.89
103.34
106.09
103.88
103.57
102.81
103.68
102.67
102.12
100.47
101.19
99.09
101.8
100.67
100.23
100.68
98.86
97.31
97.67
98.77
100.22
98.54
99.73
99.15
99.97
100.03
98.98
100.09
100.37
100.38
99.56
101.23
97.1
99.11
97.8
96.81
94.11
93.8
95.42
96.26
92.96
95.75
97.46
99.36
100.43
100.21
100.32
100.83
103.64
101.55
102.96
102.77
99.95
102.55
103.12
102.49
103.48
101.61
101.52
103.89
102.56
105.83
105.51
105
105.99
104.38
103.56
104.18
102
99.96
105.36
103.86
102.06
101.59
103.17
100.83
100.14
100.26
102.16
99.28
100.46
102.72
100.45
99.45
97.84
99.55
102.71
99.73
100.29
103.4
100.97
105.92
104.49
103.76
102.55
103.39
106.12
103.46
103.06
104.81
105.21
103.36
102.95
102.64
104.26
102.61
102.33
100.26
102.63
99.32
100.11
100.66
100.19
100.86
100.86
99.74
99.45
101.27
99.62
100.94
99.39
100.36
100.48
100.9
102.13
101.42
101.5
102.54
99.76
100.16
99.52
98.81
98.52
95.9
97.73
97.67
98.01
100.89
100.13
100.46
100.06
101.44
102.68
102.05
103.79
102.18
102.52
100.94
102.44
102.34
102.98
102.74
101.9
102.53
104.98
104.07
104.38
106.1
102.53
101.69
102.14
102.62
100.05
101.88
101.85
101.74
100.77
96.99
102.81
102.9
100.4
100.65
96.81
104
103.64
99.26
100.67
106.45
105.31
100.82
103.43
103.35
103.13
102.15
102.86
101.78
101.61
101.09
100.06
97.25
97.9
98.43
101.5
99.58
102.36
101.36
102.3
102.45
99.45
100.82
99.69
99.7
99.55
100.39
99.66
99.96
100.28
99.84
99.72
99.64
99.97
100.34
99.8
98.65
99.39
99.69
99.25
96.74
98.15
97.99
99.22
98.09
95.57
97.28
92.64
92.18
89.36
57.91
69.85
46.09
57.03
90.15
88.38
92.8
97.75
97.9
100.89
102.98
101.03
101.07
101.59
103.04
104.46
103.58
103.57
103.31
102.62
104.93
100.96
102.36
104.28
102.04
104.25
105.11
104.34
103.89
101.39
101.6
102.45
104.57
100.13
99.36
100.71
100.54
103.42
98.51
99.38
103.15
103.46
102.97
103.72
105.25
102.44
104.21
104.66
102.01
103.35
103.64
102.78
103.02
104.16
103.79
101.73
101.2
99.92
99.2
98.06
99.33
101.03
100.22
100.21
101
101
101.75
100.06
95.82
99.36
98.87
99.41
100.51
99.64
100.04
99.09
100.5
100.82
100.32
99.81
101.32
99.87
100.76
100.12
101.28
99.36
99.55
100.36
100.03
99.89
97.81
97.3
98.22
97.47
92.17
92.22
90.35
85.29
29.42
9
11.62
18.77
17.75
19.71
18.77
33.53
101.04
101.58
101.98
101.05
102.23
103.61
103.55
104.29
102.69
102.16
104.87
102.64
105.55
104.97
106.17
105.21
107.41
103.98
104.03
101.96
102.16
102.18
106
103.73
103.8
99.93
105.4
102.73
99.87
100.2
100.03
101.16
102.34
100.16
105.97
103.26
103.07
103.19
105.79
105.79
103.51
103.65
102.85
104.93
102.45
102.34
99.8
98.43
100.52
100.44
98.79
99.26
101.37
100.57
99.23
100.19
98.39
98.67
99.54
98.22
97.53
98.67
100.06
98.29
99.33
99.53
99.18
101.14
101.22
99.72
99.67
100.96
101.18
99.6
101.24
98.55
97.5
97.8
99.83
98.67
98.55
97.4
97.17
94.75
90.61
90.06
88.14
85.28
50.1
28.18
35.89
38.99
89.56
92.84
96.52
99.04
98.39
99.29
101.1
101.62
101.52
101.26
102.2
103.1
101.64
101.1
102.53
102.05
102.92
104.64
103.69
105.29
103.08
104.49
104.04
102.97
102.33
100.66
99.82
97.85
100.53
98.07
98.7
101.03
99.1
97.33
101.95
103
101.85
100.37
101.2
102.51
103.44
103.25
101.62
105.34
98.26
99.81
102.55
102.49
101.9
100.58
98.46
99.53
97.89
96.44
98.25
99.07
99.82
98.91
98.47
100.42
99.18
99
98.65
98.54
99.4
99.39
98.19
101.42
98.84
98.98
98.74
98.7
99.21
100.09
99.98
100.27
100.86
100.45
98.27
100.41
99.97
97.95
96.01
97.63
96.2
94.45
91.94
90.23
86.92
84.78
81.93
69.49
35.37
26.22
24.45
21.45
23.46
30.01
27.91
73.87
100.45
99.64
100.83
99.05
101.76
101.21
100.84
102.78
101.16
101.12
99.37
101.76
102.52
103.07
103.09
103.16
104.3
103.51
102.4
100.79
99.69
99.95
102.21
104.46
99.08
97.98
100.05
99.31
101.21
97.5
103.75
100.6
100.91
104.09
104.2
103.01
104.55
100.44
103.81
100.16
101.68
102.18
101.99
102.17
99.83
99.73
98.5
96.38
97.06
95.49
96.77
99.76
98.77
99.58
98.93
100.9
99.38
100.03
97.92
97.08
97.06
98.36
98.46
99.22
98.16
98.28
99.15
99.39
98.8
97.79
99.84
98.2
99.76
100.49
98.55
97.12
98.32
98.21
97.85
96.77
97.95
97.9
96.63
95.23
93.07
91.69
88.22
82.5
80.09
87.74
90.35
91.81
92.96
94.57
95.77
96.17
97.76
99.41
101.54
101.57
102.47
100.11
102.21
101.49
103.22
102.47
103.33
103.75
104.28
102.97
101.68
101.89
105.89
103.98
102.31
100.87
103.58
102.11
100.39
99.93
101.89
106.01
104.07
101.85
103.81
101.13
96.46
102.18
102.89
101.68
103.33
99.16
103.13
99.28
100.11
101.8
102.06
99.79
104.53
103.93
104.06
103.23
104.47
105.35
102.93
101.94
103.79
103.48
102.53
104.38
101.96
101.32
101
101.55
101.41
101.27
100.85
99.36
99.18
98.84
100.37
99.99
99.55
98.44
94.58
94.33
97.46
98.98
97.76
99.22
98.67
98.89
100.18
98.62
100.45
99.63
101.33
101.55
99.3
97.76
98.29
95.2
94.41
95.04
94.12
95.82
95.38
97.21
94.77
97.66
97.03
97.81
99.94
98.2
98.91
100.29
100.95
100.76
101.57
103.52
102.22
100.56
100.1
101.99
104.83
103.95
104.18
103
102.77
103.13
102.55
102.61
102.56
104.21
101.91
104.16
100.68
101.62
102.44
100.87
100.74
102.86
99.99
101.16
100.11
100.48
96.02
104.91
102.25
98.72
99.94
99.97
97.19
97.47
99.39
104.93
101.66
100.29
103.87
104.98
103.81
102.36
103.91
102.83
104.31
102.94
104.28
102.85
101.56
100.38
102.3
103
103.17
101.71
100.05
97.92
98.86
99.61
98.63
99.56
100.13
101.21
99.29
100.15
98.52
99.56
101.88
100.54
99.45
102.01
100.59
100.53
101.35
101.1
101.36
102.85
101.66
100.11
98.63
96.87
97.37
98.63
99.62
96.78
97.62
100.64
99.65
100.47
101.66
101.1
101.53
102.89
101.14
102.21
103.2
103.18
101.89
105.07
104.3
103.85
104.82
102.38
104.74
104.57
104.56
104.57
100.76
103.19
103.01
102.17
104.61
102.38
102.15
103.25
101.55
100.06
101.21
102.14
99.21
106.03
104.04
98.58
102.62
103.42
101.75
101.01
103.95
104
103.85
103.75
102.81
103.06
103.86
101.22
101.6
100.71
99.55
97.58
99.56
100.55
100.42
98.96
97.61
98.32
99.83
97.25
97.51
100.17
99.76
99.58
100.26
102.34
101.02
100.69
100.08
100.07
100.46
99.31
101.04
99.58
100.47
101.06
97.86
101.97
100.77
99.87
98.14
97.98
98.9
98.69
96.09
93.91
93.92
94.1
91.32
88.82
48.31
12.96
12.82
55.26
86.29
93.72
97.37
96.91
99.8
100.2
101.57
102.64
102.79
102.4
103.03
102.93
103.05
103.08
102.36
103.92
104.04
103.78
103.56
103.52
104.97
102.54
103.11
102.31
101.45
100.07
99.4
102.85
101.03
99.93
99.25
102.67
104.32
99.02
100.88
102.59
102.18
105.73
100.11
102.74
103.09
100.85
101.72
103.85
102.86
102.23
101.82
102.13
101.71
101.02
100.93
100.25
97.95
98.4
99.41
99.37
100.07
99.39
100.32
100.92
98.45
101.44
100.97
100.39
98.55
99.28
99.99
97.99
100.01
100.06
100.42
99.09
100
100.78
100.46
99.66
99.9
99.26
98.63
98.98
98.28
99.14
98.14
97.48
97.2
98.05
95.12
95.22
93.26
90.32
86.84
88.63
85.09
52.23
40.54
42.6
35.94
84.03
92.2
98.06
96.83
98.37
99.74
101.61
99.85
101.01
102.01
100.7
102.32
104.42
102.5
102.49
103.82
105.55
103.78
104.59
105.56
102.99
104.26
101.42
101.35
99.3
100.96
101.84
99.69
100.88
98.78
99.62
99.8
102.16
101.56
100.67
101.33
100.39
102.35
101.88
102.39
102.74
105.02
101.43
102.57
100.46
101.99
103.94
101.28
100.66
100.74
99.14
97.13
97.47
98.24
100.67
100.3
97.88
99.32
99.35
99.11
99.91
98.89
97.47
96.26
96.57
96.08
96.34
98.47
98.7
99.38
97.89
99.14
99.29
99.69
100.25
98.85
98.75
97.56
97.59
97.94
98.33
96.23
95.38
95.57
94.75
94.84
92.44
89.1
81.15
70.2
35.4
20.72
20.02
32.1
11.31
29.02
24.89
26.29
85.54
94.71
97.26
96.38
99.18
100.21
99.01
100.72
102.16
101.96
100.54
103.23
101.79
101.82
104.32
105.68
102.45
103.18
105.57
104.89
101.2
102.64
100.93
101.07
98.05
100.68
98.48
99.82
100.81
101.37
98.64
103.03
103.42
101.5
99.46
104.67
102.57
101.25
101.27
103.57
102.57
103.88
101.29
101.05
103.67
100.5
99.31
101.06
98.55
99.14
98.41
46.17
7.15
36.13
100.11
101
99.68
99.83
98.54
98.1
97.65
97.76
97.57
99.39
98.5
98.72
100.59
98.26
100.5
99.95
100.69
99.83
101.29
99.34
99.96
98.32
99.99
98.83
98.66
98.12
97.7
97.95
98.79
96.54
96.92
94.42
89.01
84.59
76.35
90.65
35.83
23.21
23.26
56.85
92.08
96.38
98.15
99.16
97.18
97.87
100.52
101.09
100.17
101.64
101.56
103.89
101.67
102.49
101.84
105.37
101.65
104.32
103.08
104.23
103.27
102.96
103.67
103.94
103.55
104.04
98.93
100.25
100.21
105.07
101.88
103.23
103.12
102.62
99.79
102.38
103.67
104.85
103.52
100.75
102.35
102.14
102.02
101.62
103.62
102.55
104.19
100.3
101.36
100.16
98.73
99.14
98.95
98.91
99.32
101.34
99.32
99.47
99.78
99.63
97.94
99.07
98.17
98.36
98.27
97.98
98.12
99.08
97.68
98.47
99.02
98.01
98.56
100.67
99.7
99.75
98.37
98.4
98.73
98.36
98.18
99.6
98.78
97.97
102.03
94.35
92.92
93.29
89.26
92.09
48.42
70.37
38.65
19.24
10.99
10.23
62.88
90.73
95.5
97.6
95.77
98.01
100.92
101.56
101.71
101.41
101.47
99.92
101.27
102.12
102.54
102.9
103.37
102.85
101.81
101.27
102.14
101.98
101.03
102.83
101.5
100.23
102.67
99.68
99.73
100.21
102.48
102.04
100.38
99.12
97.99
100.3
99.62
103.99
101.53
103.55
98.76
100.76
98.22
101.96
100.34
105.21
101.04
102.99
101.34
103.3
104.62
101.89
103.29
103.45
103.56
101.45
102.26
102.91
101.7
101.59
103.03
101.61
99.14
99.68
100.49
96.95
100.7
101.14
98.86
97.97
98.59
98.88
97.04
100.11
99.18
98.17
97.48
97.33
96.63
99.95
99.31
98.22
100.51
99.47
100.29
96.06
99.41
99.5
95.83
96.11
95.94
96.56
94.41
92.23
92.6
93.99
95.02
95.78
98.23
99.43
101.19
99.72
101.26
101.69
102.5
102.33
102.45
103.57
101
101
101.36
104.68
103.07
102.57
101.26
103.69
100.96
102.24
102.03
100.28
101.9
100.81
102.93
98.14
102.14
101.9
100.71
97.52
96.13
97.66
93.02
98.73
97.92
99.78
97.95
101.73
100.01
99.87
93.36
98.99
100.73
99.82
103.21
103.83
102.95
100.71
103.02
102.55
105.27
104.19
104.57
106.13
104.21
101.05
101.84
102.46
101.34
100.29
102.06
101.23
102.18
98.13
97.88
99.51
99.37
98
98.21
100.42
100.15
98.52
99.08
99.29
97.18
98.24
99.04
100.62
98.73
99.54
101.01
101.62
101.31
101.08
101.64
100.27
100.6
101.38
100.48
95.77
97.45
96.57
97.53
97.92
98.25
97.18
99.33
99.02
98.75
102.37
101.53
100.34
101.18
100.02
100.97
102.21
102.78
101.37
102.65
101.69
102.64
105.06
103.45
100.31
100.76
105.54
99.95
102.48
102.36
101.74
98.66
100.76
100.71
97.49
98.59
98.65
96.41
99.41
95.45
99.04
99.45
101.59
99.32
100.61
103.46
102.56
101.62
101.86
101.03
100.62
100.54
100.29
99.54
98.17
97.45
97.46
95.88
96.24
98.15
97.85
96.58
98.03
96.45
98.64
97.1
97.47
98.45
97.64
98.14
97.03
97.84
96.85
97.12
99.96
99.79
99.75
99.87
97.99
100.76
99.73
98.9
98.95
97.28
97.53
98.65
97.45
97.7
99.59
98.19
96.71
95.95
93.71
92.14
93.48
90.55
86.79
86.64
87.02
91.54
92.64
95.47
93.72
98.08
97.65
100.33
100.04
100
100.64
99.63
100.27
101.59
101.21
101.4
101.28
102.58
100.75
100.67
101.03
100.33
101.1
102.6
101.79
102.81
97.13
100.24
99.33
100.55
101.21
97.66
98.45
95.62
96.78
95.41
96.79
96.43
94.5
100.13
98.18
96.99
101.23
102.56
99.08
99.23
100.77
99.25
100.73
102.08
97.87
100.13
97.03
96.86
98.16
96.81
99.18
99.98
100.04
99.07
98.16
93.86
94.72
95.45
95.12
97.69
96.53
96.57
95.56
97.71
97.96
99.96
100.38
100.35
100.44
101.1
100.62
100.8
100.63
100.54
98.71
97.88
100.06
101.24
100.78
97.23
98.34
97.67
93.11
89.85
79.98
30.09
30.1
31.11
26.85
24.45
16.76
11.3
18.09
29.28
19.85
43.58
89.81
88.7
83.57
84.73
88.7
94.02
97.12
98.44
98.29
99.18
98.42
99.84
101.07
100.87
100.47
101.63
101
102.46
100.16
103.02
98.31
102.56
104.39
101.87
101.45
101.19
99.31
101.31
100.21
99.27
100.23
103
99.73
104.94
103.71
101.19
103.54
103.46
102.9
102.3
102.17
103.59
101.28
100.37
101
101.95
99.4
99.18
99.02
98.83
98.33
100.29
100.53
99.71
100.35
100.58
100.1
99.6
97.91
98.52
96.83
97.98
97.15
96.97
99.39
98.48
100.57
100.99
98.96
101.83
100.03
96.6
97.17
99.33
98.44
99.94
99.78
98.36
97.34
98.51
98.19
97.97
94.78
94.41
89.6
52.33
47.46
34.43
51.01
59.92
81.6
88.46
91.69
89.37
93.16
95.92
95.34
98.9
99.48
100.27
101.65
102.2
102.32
103.51
100.13
101.91
100.7
102.18
101.84
104
102.25
104.09
98.92
99.42
73.88
55.62
99.37
97.51
98.09
97.41
100.53
101.55
97.2
101.84
101.16
98.26
101.91
99.2
99.97
100.89
103.01
101.88
101.62
102.77
99.53
99.99
102.31
102.11
101.06
101.62
100.13
99.28
97.86
97.86
97.98
96.29
98.04
98.03
99.27
99.93
98.48
101.03
100.12
99.29
98.62
98.84
96.58
98.12
96.28
97.12
97.92
97.61
96.59
99.25
97.46
98.1
98.46
98.86
97.63
97.43
96.87
97.56
97.39
98.59
97.49
97.21
95.94
100.01
99.21
93.42
91.43
92.38
89.17
85.6
83.01
78.3
61.74
76.17
92.63
92.83
93.71
94.1
96.77
96.3
97.47
98.39
101.37
101.74
101.04
100.7
100.85
101.8
102.4
102.56
103.46
103.17
102.23
106.16
104.25
104.48
102.34
101.99
100.54
101.52
101.31
102.42
98.65
102.12
101.45
101.12
103
99.15
95.95
102.42
102.51
99.46
101.11
100
100.69
100.83
102.9
100.53
101.99
100.87
99.96
100.3
99.88
98.64
97.45
95
96.18
96.66
96.53
98.54
98.43
99.48
98.69
99.03
97.8
98.5
97.18
97.85
98.35
97.7
99.06
98.61
96.98
98.3
98.4
98.51
99.22
98.52
98.39
98.39
98.82
99.49
98.92
99.49
98.58
97.6
97.71
98.33
98.77
97.11
95.81
95.05
93.77
93.53
92.86
87.41
87.72
87.32
88.76
90.56
90.95
91.2
93.06
94.34
93.96
97.67
99.56
98.81
100.64
102.12
101.93
101.12
99.61
98.87
100.06
100.96
102.83
101.13
103.28
102.67
102.74
103.4
101.76
99.58
98.77
102.63
104.55
101.12
101.72
100.82
100.47
100.97
101.99
100.13
99.6
100.68
101.02
99.67
97.02
98.95
102.59
98.98
102.12
99.95
99.08
100.42
100.29
101.88
102.99
101.99
103.58
102.75
102.7
103.08
102.65
102.3
103.13
103.67
103.64
101.63
102.36
102.08
101.57
100.31
100.79
100.71
101.52
100.04
99.67
99.52
100.01
101.96
98.34
96.74
100.4
100.78
98.65
99.41
99.61
98.5
97.39
98.3
98.45
99.65
100.35
99.64
100.62
100.01
98.56
92.87
97.51
98.86
94.79
92.29
89.76
88.82
91.2
89.63
93.7
90.69
91.74
90.41
91.66
94.33
95.55
96.44
97.66
97.74
99.49
98.97
99.63
98.95
99.64
99.88
100.02
99.46
101.67
99.45
102.42
101.67
103.02
102.75
101.98
101.6
102.05
101.74
98.64
101.27
98.13
100.78
100.34
98.13
103.79
99.48
94.48
98.95
96.94
97.59
99.97
94.52
99.16
98.01
100.84
98.7
97.07
99.42
98.12
100.24
103.28
102.57
101.77
101.61
102.05
101.78
101.22
103.81
99.01
96.62
97.83
100.39
100.99
100.6
98.83
98.27
99.12
100.69
100.56
98.66
98.92
99.46
99.26
99.36
100.97
96.55
97.71
99.32
98.6
100.39
99.56
97.68
100.15
100.38
98.7
99.6
99.81
97.1
99.81
99.2
98.67
95.48
97.71
100.76
97.71
97.79
98.63
97.46
100.63
100.48
100.8
102.37
100.19
101.32
101.99
102.82
102.39
103.64
105.46
103.64
101.94
102.56
105.47
103.38
103.04
103.19
103.47
103.85
102.3
104.61
106.63
102.58
103.17
102.84
101.24
97.09
102.29
100.74
100.09
102.15
103.34
98.18
100.53
97.88
102.27
104.46
102.27
102.46
102.79
103.8
102.69
103.48
101.97
102.66
100.39
99.73
99.21
101.01
100.82
98.51
99.01
95.25
98.21
100.6
98.28
97.33
98.36
98.66
98.91
100.32
99.43
100.95
99.4
101.09
100.51
100.31
100.4
100.67
100.66
99.91
100.76
101.02
101.87
101.26
100.52
99.42
99.04
98.4
98.57
97.9
98.73
97.92
95.37
94.24
93.22
42.32
11.53
10.87
28.44
33.86
38.95
77.38
98.7
99.04
100.02
98.62
100.52
102.61
100.8
100.29
101.02
103.03
101.35
102.15
101.47
102.44
102.35
101.53
100.95
103.06
104.66
101.91
103.66
102.37
97.84
102.15
100.33
106.18
99.3
99.02
101.26
102.41
96.82
103.4
101.06
100.09
100.97
101.2
100.21
103.54
102.07
102.89
101.6
100.28
101.3
102.92
100.88
103.23
100.74
100.18
99.22
99.52
98.94
96.98
99.29
101.25
98.56
102.06
100.47
101.84
100.5
98.73
97.58
98.21
98.54
98.71
98.48
99.58
100.02
99.55
99.88
100.91
99.28
99.73
99.83
100.8
100.71
101.27
100.17
101.97
102.1
66.1
60.51
85.06
20.01
11.06
13.04
14.17
18.28
17.25
18.68
14.61
17.88
20.88
22.93
21.62
19.06
22.88
32.32
45.01
94.34
95.8
96.13
95.98
93.14
92.16
93.45
94.28
91.59
93.24
90.45
92.49
93.03
93.61
96.04
100.18
100.5
99
98.9
99.99
102.16
96.96
100.14
97.61
101.18
99.84
99.75
99.89
100.9
99.12
100.43
100.64
103.96
103.42
103.72
102.01