112.03
112.84
112.11
110.98
110.16
111.15
111.8
111.44
112.13
113.57
113.04
112.41
112.05
113.92
110.79
113.25
111.11
114.01
111.2
110.68
112.25
111.4
109.15
110.5
113.84
111.57
110.05
111.86
110.64
110.77
108.29
111.49
112.24
114.02
113.22
111.1
110.09
109.98
111.58
110.79
111.08
112.09
111.11
111.58
111.23
112.22
111.34
111.32
109.84
110.67
110.05
108.98
109.93
109.63
110.09
110.35
110.15
110.07
109.75
110.23
111.24
110.15
107.85
108.08
107.11
105.97
105.54
106.7
107.7
107.79
108.55
108.03
108.73
108.76
109.72
108.89
108.13
107.22
109.26
109.03
110.16
109.3
111.36
112.75
112.9
110.98
109.39
112.18
110.36
113.57
109.99
111.67
112.48
114.29
111.14
111.13
111.39
111.87
111.6
110.3
110.72
107.31
107.36
108.33
109.52
108
108.18
103.39
108.16
105.87
108.76
105.04
103.6
103.27
104.63
105.58
105.71
105.93
106.1
104.68
107.47
108.57
107.89
107.82
107.76
105.64
104.31
104.07
104.1
106.23
105.64
106.86
106.38
105.87
104.59
105.35
103.93
105.09
105.2
104.3
104.02
102.73
100.31
104.44
104.94
103.68
102.77
102.96
103.43
104.3
104.46
103.2
103.88
102.85
102.65
104.19
104.57
101.42
103.76
102.3
100.8
96.14
94.52
96.57
97.04
94.02
93.61
99.31
101.05
103.41
105.15
105.14
105.27
107.24
106.35
107.15
107.69
106.94
108.31
109.86
107.79
109.91
108.15
111.01
110
109.14
110.4
113.18
112.13
111.79
111.63
107.99
110.27
111.32
108.21
109.75
108.82
105.94
105.32
106.34
103.69
105.54
103.57
103.82
105.25
105.21
105.23
109.67
103.61
105
106.39
105.25
105.28
105.83
104.31
104.41
107.64
107.07
107.28
106.4
104.48
104.35
102.56
102
102.3
103.11
102.97
104.52
104.1
105.49
103.55
104.57
104.05
103.79
104.09
103.01
97.07
97.59
104.08
103.91
102.9
102.46
94.12
103.62
102.54
102.25
102.94
103.75
103.09
102.5
99.84
96.44
54.03
96.83
100.54
100.39
95.77
94.8
94.97
94.06
97.2
92.97
94.86
97.08
101.69
102.81
103.97
105.8
104.92
106.67
107.11
106.82
107.11
109.05
108.74
107.82
106.75
108.36
109.65
109.35
108.84
108.71
111.38
111.59
113.38
110.34
109.67
107.8
109.55
107.48
108.16
109.06
108.44
109.63
106.29
106.89
107.94
105.47
109.53
105.77
102.49
104.8
106.24
102.95
107.56
104.8
105.83
106.42
104.76
105.49
104.52
106.01
106.56
107.26
106.55
106.98
106.36
104.09
104.01
103.42
102.96
104.89
105.57
107.69
105.74
105.24
105.38
103.44
106.36
104.23
103.54
102.72
104.21
104.29
104.4
102.97
103.78
103.34
103.58
103.64
102.41
103.07
102.67
102.02
101.42
100.33
102.53
102.42
101.2
95.46
89.41
86.52
96.55
94.29
95.64
97.3
97.39
93.66
98.76
104.26
106.53
100
99.86
105.06
105.28
107.22
106.77
108
109.33
108.8
106.94
107.36
108.16
107.7
109.92
109.01
110.2
109.73
109.01
111.1
110.56
112.53
111.57
112.97
112.04
111.06
110.21
109.57
109.77
109.25
108.41
107.04
109.9
106.83
105.89
108.47
105.51
104.72
106.87
104.29
105.56
106.83
104.04
105.6
102.59
103.74
106
107.2
108.79
108.59
107.04
110.14
109.17
108.28
108.6
109.63
109.83
109.24
109.12
109.54
109.67
109.37
110.02
108.23
108.19
107.23
104.93
106.89
105.87
105.84
105.9
107.33
104.74
105.69
105.72
106.92
105.64
104.76
106.74
106.62
105.64
104.88
105.36
106.64
106.63
105.52
106.77
106.52
106.4
106.52
105.33
107.03
105.33
104.85
105.26
105.05
103.82
106.49
107.73
107.83
107.06
107.67
107.86
110.31
109.09
109.26
110.27
109.61
108.87
107.68
109.91
110.46
110.23
111.07
111.34
112.7
108.79
112.99
111.26
113.67
113.33
111.24
111.87
110.85
114.23
112.49
109.56
110.51
112.23
110.21
114.25
109.52
108.21
109.31
108.61
109.67
113.34
108.25
107.35
108.42
110.38
108.58
110.41
109.57
113.37
112.93
109.48
110
110.58
111.52
110.69
114.83
111.83
111.87
112.28
111.94
112.02
111.77
112.38
110.24
111.61
110.24
110.61
109.58
109.7
108.17
108.35
107.39
108.37
106.46
107.24
108.03
107.69
108.38
108.61
108.5
108.27
103.56
107.81
108.4
107.13
106.99
107.96
107.47
107.13
105.66
105.67
105.59
106.84
106.34
106.5
106.99
108.83
108.25
110.77
109
110.07
110.73
110.64
111.67
111.05
111.85
111.74
111.53
112.06
111.54
111.27
111.43
113.18
114.85
110.84
113.52
111.79
113.04
109.82
112.25
110.83
111.18
109.64
108.98
110.57
111.35
110.61
106.83
110.44
105.06
103.11
107.66
107.62
107.03
107.08
106.12
106.61
107.17
105.05
106.1
105.56
108.23
106.45
108.1
108.3
108.98
106.91
104.79
103.36
103.16
100.92
102.79
102.13
101.19
102.51
104.23
103.22
104.56
102.01
102.18
103.24
104.57
103.57
103.32
103.65
104.56
103.15
102.88
104.07
102.02
102.74
102.04
102.84
103.79
102.46
102.63
101.04
100.73
102.55
101.6
101.05
99.01
98.73
97.08
92.4
86.46
86.21
87.04
89.55
88.71
88.21
88.87
93.8
97.52
103.76
106.13
104.88
106.73
107.24
107.79
105.43
110.12
107.42
108.44
108.69
108.49
108.57
109.98
109.03
110.34
111.13
108.69
110.76
111.68
110.73
108.04
111.3
108.23
110.19
107.89
106.39
104.77
106.97
109.63
104.47
103.24
103.71
106.86
104.7
104.42
105.24
105.99
106.03
106.94
106.61
103.54
104.78
103.04
106.71
105.29
108.1
106.41
105.76
104.49
103.44
104.81
100.14
101.86
99.77
102.09
103.38
103.54
103.77
103.85
102.38
102.7
103.14
104.09
102.22
100.94
102.81
101.93
103.81
102.79
102.81
104.19
102.36
101.87
102.92
101.68
101.99
103.38
101.53
101.96
99.46
100.77
99.5
98.29
94.51
97.78
93.93
88.64
91.09
98.37
105.99
101.31
99.45
98.12
96.53
99.44
90.26
92.23
97.77
104.53
105.18
106.55
107.17
107.89
106.56
106.93
107.69
105.58
107.65
108.22
108.96
108.43
108.96
113.11
111.53
112.88
108.28
108.8
108.89
105.06
107.34
108.31
105.97
107.34
108.48
105.31
105.52
102.99
105.48
102.6
104.16
102.03
104.12
106.24
105.72
106.27
105.16
105.13
104.72
104.46
103.61
105.75
106.08
107.12
105.79
105.55
105.01
102.4
102.06
102.23
101.16
104.03
103.04
102.8
104.19
104.26
103.52
102.39
103.27
103.72
103.23
102.79
102.25
101.67
101.83
102.41
103.07
103.14
103.3
101.4
102.36
102.22
102.68
102.83
102.28
100.66
99.35
101.13
100.08
98.37
98.21
96.54
90.63
88.71
87.38
86.47
84.33
83.38
88.2
83.1
79.21
83.31
92.24
100.37
103.81
103.9
104.37
106.83
105.47
107.09
108.03
106.96
106.19
107
107.28
106.92
107.74
108.88
109.38
109.53
109.5
109.59
110.79
110.21
109.51
107.18
105.55
109.51
107.9
105.73
107.59
106.43
104.69
103.13
105.04
104.9
104.75
103.22
106.76
104.19
104.89
106.55
105.77
102.88
104.72
103.1
105.63
107.09
107
107.81
106.37
104.92
104.32
103.88
103.36
100.75
101.32
103.93
102.97
104.2
102.48
104.07
105.13
103.5
103.74
103.03
103.04
103.28
103.17
103.02
102.71
102.47
103.39
102.61
102.63
103.07
103.66
101.39
102.75
101.69
102.47
103.06
100.88
99.29
101.29
97.34
94.38
94.04
90
87.72
82.95
87.34
84.58
74.63
75.96
66.84
41.43
34.64
64.9
87.92
95.23
102.73
103.84
106.01
106.23
106.05
109
108.81
107.92
107.76
109.76
110.43
105.48
98.78
101.53
100.47
69.12
92.73
105.24
105.25
105.61
104.27
102.96
105.93
93.3
97.89
98.87
96.44
101.88
103.28
105.27
106.68
105.6
103.68
107.21
104.32
107.77
106.52
105.43
103.89
102.63
105.31
106
104.89
107.04
107.83
105.51
105.38
103.76
103.25
101.81
102.82
102.06
104.74
103.16
104.92
103.1
103.77
104.15
103.79
102.63
104.4
102.29
103.32
103.55
100.29
102.52
102.98
102.91
101.62
103.27
101.51
102.79
101.5
100.19
99.75
101.11
99.75
99.44
99.17
99.71
98.23
96.18
96.1
93.19
90.6
90.12
88.6
88.12
87.12
86.35
95.91
95.16
95.94
96.29
98.1
104.85
103.43
105.03
104.42
106.68
107.28
107.39
107.06
106.14
107.34
106.12
108.11
107.76
109.12
106.83
108.84
108.87
109.35
111.23
108.97
111.25
108.95
108.57
110.14
109.3
108.7
108.03
107.57
107.46
103.95
107.4
104.32
106.49
106.06
104.1
106.19
105.61
103.83
105.66
103.35
104.74
102.35
104.71
107.7
108.54
107.69
105.28
107.62
107.04
107.65
104.51
106.87
106.89
109.25
107.9
107.61
107.96
107.07
106.55
105.33
106.11
105.42
104.6
104.97
106.07
103.7
103.76
105.46
103.06
102.81
102.74
102.81
103.41
104.22
106.13
105.45
103.02
103.37
104.94
104.53
105.33
106.22
104.39
104.25
103.83
102.48
101.84
102.62
104.26
102.38
103.74
105.35
105.3
104.32
105.25
106.02
104.37
105.24
105.02
105.91
107.81
107.35
107.19
107.97
108.18
105.85
108.35
109.55
109.16
108.64
110.13
112.22
110.37
113
111.09
111.17
112.51
111.49
110.97
112.3
110.97
111.49
111.51
113.57
110.94
107.66
108.36
106.39
107.46
110.71
106.84
111.39
108.24
110.76
111.32
108.42
104.2
107.04
108.57
108.35
110.03
111.41
110.76
109.7
111.92
110.38
110.92
110.71
110.77
109.04
111.6
111.92
110.71
108.12
108.69
108.94
109.44
109.83
108.11
108.59
106.85
107.92
106.97
107
107.29
106.72
106.32
106.33
106.11
105.73
105.33
106.34
106.65
105.91
105.68
106.52
106.12
104.5
106.25
106.4
106.66
106.07
105.56
104.26
105.02
106.36
106.34
108.37
107.23
107.97
108.83
107.66
110.15
109.16
110.01
111.31
110.48
110.25
109.24
100.53
102.52
108.19
110.87
112.9
111.69
110.03
111.89
112.18
112.12
110.28
111.59
111.39
111.78
109.06
111.51
114.81
109.99
110.82
106.09
108.9
105.93
104.02
104.33
106.21
105.28
106.85
108.11
105.87
104.31
105.31
104.75
106.71
107.84
106.43
107.86
107.2
107.44
108.11
106.08
107.44
103.92
100.43
101.47
101.94
99.35
102.46
104.5
103.21
104.8
104.81
102.78
103.91
102.8
103.68
103.32
103.4
101.52
104.59
102.48
101.16
102.25
103.23
101.69
101.78
102.8
101.19
101.89
100.44
99.89
100.48
100.07
100.43
101.56
99.64
98.17
96.09
95.01
88.21
88.2
90.77
88.19
94.07
93.93
89.09
88.04
92.71
98.37
103.25
104.19
104.93
106.29
105.4
106.34
107.39
107.43
108.27
106.99
106.6
108.98
109.68
110.76
109.25
110.08
109.6
108.44
108.74
108.29
106.68
109.86
110.92
110.45
109.6
106.43
108.15
106.43
109.18
107.33
103.77
107.13
105.02
105.57
108.34
107.13
104.11
107.52
106.62
103.07
105.77
104.37
104.26
105.02
105.3
106.1
105.85
105.5
104.62
102.73
101.75
101.47
101.09
100.33
100.9
102.3
104.4
101.29
102.89
101.73
103.33
102.83
99.49



















99.83
96.21
96.41
91.8
88.44
79.77
52.29
41.74
49.04
37.09
36.46
51.42
59.1
63.96
26.4
18.03
48.95
72.17
82.92
90.33
91.5
95.85
106.57
105.17
105.86
107.21
107.18
98.13
93.53
94.01
99.48
104.36
104.2
105.56
104.68
104.69
101.7
97.72
105.94
103.02
104.15
103.99
93.28
96.92
101.32
96.31
103.79
104.2
103.55
106.9
110.43
105.33
108.67
102.28
104.81
103.64
104.88
105.33
105.9
106.48
107.72
106.41
106.39
104.74
102.25
101.09
101.69
101.39
103.14
102.17
101.24
100.78
101.49
102.04
102.57
102.91
102.65
101.27
99.45
100.65
100.52
100.6
101.66
102.4
101.67
102.89
100.5
102.25
102.39
101.65
101.75
101.31
97.33
98.68
96.66
96.67
97.17
92.43
90.27
89.03
80.77
38.66
53.56
33.51
38.77
33.35
40.96
36.66
47.75
75.19
75.61
96.95
100.48
104.02
104.2
105.92
104.06
105.65
107
103.99
104.41
107.22
106.4
106.35
105.82
107.75
109.4
111.15
108.86
109.47
110.27
109
108.61
109.04
108.46
105.41
104.31
106.71
104.81
106.38
104.95
104.88
105.91
104.86
103.69
106.81
109.51
105.77
104.7
102.5
104.16
104.51
105.14
104.66
100.71
99.06
98.76
103.97
103.95
102.09
101.79
103.06
101.2
96.06
95.13
98.47
100.29
100.88
100.41
100.71
100.33
101.83
100.77
100.79
101.73
100.58
98.83
100.95
99.6
100.91
100.85
101.04
100.26
99.36
101.51
99.54
100.46
100.13
100.55
96.85
98.09
96.98
96.93
93.53
89.38
90.09
84.99
64.53
44.51
54.95
34
38.81
36.85
50.54
47.37
63.32
97.99
100.78
102.55
102.77
105.56
105.74
104.43
104.49
106.51
104.44
105.7
107.2
107.61
107.08
107.41
107.44
109.64
109.01
109.7
107.35
108.97
107.93
107.42
109.66
107.66
106.35
108.96
105.44
104.1
105.85
107.42
106.92
106.13
106.26
108.97
106.26
106.57
104.75
102.89
102.65
102.24
102.49
103.63
103.74
102.94
105.09
101.2
100.1
103.04
103.69
100.09
101.01
101.42
100.71
101.08
101.59
100.8
99.8
93.77
91.27
90.7
91.14
90.76
91.17
97.19
100.55
100.61
99.74
100.59
101.14
100.54
100.89
100.26
101.02
100.23
35.43
32.52
77.45
91.02
93.13
97.01
90.42
87.46
95.55
93.07
83.77
79.16
38.91
33
30.15
82.26
96.28
96.99
87.06
86.83
91.57
96.9
100.85
101.94
102.92
104.05
103.59
105.53
105.33
104.91
104.37
104.81
104.43
103
104.97
105.92
107.44
107.04
107.99
106.85
108.39
105.56
106.32
108.11
110.89
109.53
107.86
107.46
107.3
106.16
105.93
106.93
106.52
101.78
107.06
106
103.63
105.21
104.65
103.47
104.28
103.65
101.63
101.3
102.65
105.58
106.09
106.19
107.34
106.94
104.86
106.52
105.5
106.14
105.75
104.47
104.75
105.19
104.29
106.22
104.73
105.28
104.44
103.15
103.57
102.59
104.76
102.42
104.19
102.63
102.76
102.61
102.08
102.36
102.84
102.1
101.09
100.77
101.7
101.86
105.34
103.46
104.99
103.29
105.17
102.34
103.7
103.53
103.36
100.97
101.87
101.6
102.31
101.5
102.98
101.39
105.21
105.36
104.87
104.14
104.63
107.25
105.57
106.28
109.68
107.96
107.94
107.09
106.66
107.45
106.95
108.75
110.18
110.62
109.19
111.71
111.68
110.32
109.51
108.27
108.74
110.8
111.7
110.38
109.94
109.25
108.15
108.21
111.16
107.72
110.47
107.74
106.93
105.88
107.25
105.88
106.46
104.45
104.92
105.95
106.12
109.43
111.64
111.63
109.87
112.82
112.27
112.73
112.73
109.56
110.14
113.3
112.38
111.54
112.31
110.78
110.88
110.34
110.13
108.95
108.56
109.14
109.74
105.78
108.5
107.08
108.08
107.38
107.19
106.5
107.08
104.69
104.63
105.97
105.55
105.32
106.63
105.74
106.76
104.3
106.48
106.54
103.74
106
104.84
105.28
103.97
103.02
103.62
105.78
107.56
106.28
107.83
106.96
107.29
108.61
108.1
109.31
107.88
109.84
110.24
109.25
111.51
110.34
111.71
111.07
108.79
110.07
110.34
110.83
112.25
109.52
110.85
111.4
112.28
111.78
110.29
107.72
110.33
109.29
106.24
107.34
106.72
105.07
107.49
106.01
106.76
104.47
103.64
104.42
106.07
105.06
105.35
104.97
105.26
104.13
107.32
106.47
105.91
108.08
106.72
105.04
103.78
102.18
102.19
102.41
101.76
103.5
105.11
105.1
104.99
104.8
103.95
103.4
104.9
105.34
104.16
103.99
103.38
103.68
102.92
102
101.61
101.34
102.47
102.01
101.86
102.3
100.61
100.84
100.58
100.52
98.03
98
98.95
97.79
97.48
95.23
93.81
91.35
79.45
66.2
61.69
34.64
39.86
39.03
41.76
53.38
80.88
93.98
90.7
99.41
103.18
102.1
104.31
94.27
94.62
97.13
103.75
106.64
108.07
108.15
107.85
106.54
106.77
108.72
106.43
108.35
108.7
105.51
107.94
108.45
108.71
109.31
105.29
106.52
103.35
103.19
104.79
103.05
101.94
101.92
101.64
106.89
103.58
101.02
102.97
104.88
103.02
105.56
103.54
103.83
104.17
105.07
106.62
105.47
103.86
103.85
101.91
99.71
100.3
102.63
99.86
101.53
101.83
102.31
101.53
101.11
102.24
100.93
101.64
100.99
101.72
101.07
101.08
102.72
99.64
102.04
99.8
100.21
100.96
101.13
100.43
100.79
102.58
100.78
99.77
100.82
100.36
100.06
98.58
99.36
98.42
93.97
95.36
93.63
81.7
47.45
32.29
28.41
34.5
26.88
35.13
36.73
32.23
65.74
71.83
89.34
98.18
98.79
96.25
98.25
95.43
97.45
99.19
100.93
103.77
105.06
104.61
107.53
108.03
109.36
107.83
108.72
104.75
107.07
106.01
108.55
109.78
109.33
109.15
105.71
106.4
103.36
107.06
102.55
100.68
103.34
104.96
105.54
106.75
103.53
106.71
104.34
104.94
104.94
103.04
106.06
104.12
104.27
104.39
105.84
104.78
103.92
103.56
102.53
101.74
100.83
95.33
91.15
90.62
101.65
101.92
101.06
101.94
102.66
101.97
102.87
100.84
101.56
101.44
100.99
100.8
101.54
103.42
102.98
101.9
99.24
99.58
100.57
101.34
100.33
100.82
93.73
90.36
97.75
96.09
94.97
94.77
91.65
93.77
88.85
81.57
85.83
93.21
82.61
84.36
82.75
84.15
86.06
95.6
94.07
100.14
101.94
103.19
102.4
103.11
103.65
106.7
106.87
103.45
105.12
106.05
106.23
104.93
109.14
108.28
109.23
110.14
109.53
111.3
110.8
108.5
103.38
107.64
106.65
105.71
107.93
106.47
104.07
106.27
106.25
106.06
104.39
104.91
109.01
105.18
105.22
105.92
105.37
107.98
107.01
105.5
104.52
104.95
105.43
104.75
105.54
105.45
104.54
102.41
100.8
100.7
98.07
99.7
99.2
102.92
101.36
101.98
102.43
101.13
99.66
99.88
100.81
91.84
91.78
99.75
99.47
97.81
99.22
101.35
101.67
100.71
100.5
100.62
100.42
101.4
101.83
101.51
100.66
99.06
98.86
99.81
98.16
98.17
96.77
92.48
89.79
84.58
81.13
85.14
85.07
82.84
83.48
83.07
84
95.17
99.86
102.72
102.49
106.67
105.94
105.12
106.26
107.52
108.22
104.41
107.1
106.61
108.53
107.14
109.23
110.45
109.08
112.56
113.81
110.24
110.96
108.96
110.04
107.91
109.79
106.75
108.01
99.53
108.11
105.25
105.36
104.85
104.68
105.64
105.03
104.84
104.73
106.04
106.2
105.27
104.79
102.1
104.71
103.38
105.11
106.1
105.81
105.68
104.84
103.15
101.92
100.59
101.79
101.56
100.64
103.86
100.85
97.82
99.24
101.55
101.07
101.65
103.08
101.88
101.3
100.41
102.04
101.86
102.68
101.81
101.48
101.98
101.3
102.44
101.79
100.46
101.51
100.89
99.26
100.13
101.51
100.19
97.81
96.62
93.61
91.28
92.36
91.84
87.46
86.72
84.58
85.77
89.55
90.11
88.47
94.63
102.35
104.11
103.62
105.69
102.44
102.92
106.9
106.79
107.01
105.14
104.89
105.59
107.71
107.48
108.36
108.72
108.6
109.35
108.95
109.57
109.21
108.56
109.32
111.58
110.12
110.89
107.31
108.12
105.84
106.31
109.43
105.54
104.09
106.75
104.44
104.31
106.72
104.85
104.24
103.22
104.67
103.22
105.08
104.88
106.12
108.03
108.44
106.6
106.45
107.54
106.76
105.28
106.96
107.27
106.86
106.51
106.07
105.9
105.03
105.2
105.64
105.38
104.67
105.17
104.93
105.6
106.15
103.29
102.27
104.02
101.82
102.77
104.04
104.83
102.23
103.14
103.59
102.63
103.59
102.93
102.59
104.79
103.67
104.69
104.24
103.51
101.3
103.31
102.83
100.39
100.09
98.61
99.58
101.06
100.05
100
101.28
101.57
95.7
93.39
99.48
101.14
103.47
105.11
106.16
104.41
105.45
106.18
105.66
108.25
107.93
107.37
108.13
111.38
109.73
110.79
110.24
112.92
111.51
110.84
111.22
110.39
110.7
107.46
107.1
107.52
107.67
107.32
109.07
107.59
109.42
107.1
107.89
107.41
110.95
107.97
108.28
108.46
105.72
105.51
105.96
107.14
107.31
106.27
107.43
107.95
105.23
107.55
106.44
107.95
108.82
108.93
109.58
108.83
109.56
108.54
106.3
109.31
109.13
107.39
108.16
106.18
106.6
106.43
105.28
103.84
104.49
102.93
104.05
104.73
105.53
103.57
104.49
103.4
105.22
104.12
104.82
103.71
103.96
102.89
102.92
102.55
103.46
104.66
105.31
102.99
102.53
104.09
105.73
106.88
106.94
106.63
106.53
108.38
108.07
108.67
110.7
107.83
109.06
108.77
111.81
110.17
111.53
109.83
110.56
108.2
111.18
112.47
111.03
113.73
110.15
111.82
112.28
111.75
112.53
112.36
110.38
107.4
106.15
110.52
107.62
108.39
106.21
103.87
105.83
109.7
109.4
104.43
105.97
105.77
106.66
107.79
104.92
105.48
105.82
107.33
105.03
107.9
106.96
106.91
104.27
103.09
101.56
101.95
100.52
101.86
100.44
103.2
103.62
103.37
101.7
102.58
102.94
103.66
103.97
102.84
103
100.55
101.64
102.55
102.19
102.33
101.33
102.19
102.04
102.34
101.22
100.84
101.04
100.06
100.5
97.02
100.23
101.77
98.5
101.16
93.41
92.19
95.3
101.99
100.61
88.81
82.09
83.85
81.93
82.17
82.54
83.37
87.58
102.73
102.02
103.4
106.43
104.63
105.87
104.75
105.2
106.29
106.4
106.38
107.02
107.65
108.48
105.19
107.95
109.5
109.25
109.12
109.06
109.59
108.07
108.27
109.52
105.39
104.8
106.09
106.78
101.91
103.02
105.59
101.92
102.4
104.39
100.8
105.93
105.41
104.87
104.06
103.02
102.86
105.19
103.94
104.99
104.84
105.22
104.6
103.91
102.61
100.39
98.77
101.14
99.4
101.35
102.44
102.57
103.08
101.13
101.59
102.27
101.82
103.53
101.45
99.44
101.84
97.21
99.3
101.52
99.05
101.02
100.78
102.54
102.47
102.25
98.37
98.59
100.24
99.26
93.95
91.86
96.17
97.49
98.51
100.29
98.11
99.55
99.16
99.33
97.71
96.04
96.66
94.42
94.82
89.67
88.87
89.68
90.94
95.64
101.79
102.21
100.33
100.15
99.2
96.92
92.3
92.67
92.25
94.92
94.22
97.04
96.91
97.25
98.3
99.48
99.82
102.62
104.59
105.23
104.43
105.37
104.9
105.12
105.5
102.38
104.37
105.06
104.4
105.46
101.87
104.53
104.92
104.53