115
185
336
423
423
488
497
453
393
388
321
272
262
194
192
197
199
176
172
152
130
140
127
153
137
174
162
137
162
159
215
213
170
173
156
231
215
249
296
380
354
433
576
535
632
641
748
842
866
842
849
933
918
892
866
934
905
962
940
888
872
868
971
909
947
933
928
870
815
889
965
1002
880
905
864
793
919
819
727
643
622
619
525
469
420
420
408
381
411
386
334
300
267
235
202
194
182
157
156
133
113
90
84
86
75
75
68
73
69
65
78
83
92
111
146
123
134
207
269
328
403
516
604
630
700
773
871
804
828
862
850
773
734
774
693
706
732
766
830
857
965
930
1044
1041
1089
1118
1112
1192
1170
1184
1221
1231
1276
1395
1373
1342
1379
1583
1467
1545
1616
1785
1849
1784
1739
1926
1800
1707
1613
1356
1286
1153
1011
929
898
822
769
746
654
613
771
640
552
451
552
589
499
379
373
308
245
229
181
213
148
170
136
118
112
68
139
94
92
91
116
107
135
152
139
168
205
215
228
257
323
392
528
580
694
797
882
893
975
1030
1032
1086
1011
951
818
837
818
774
772
783
855
917
908
1001
989
980
1067
1123
1093
1116
1152
1239
1228
1241
1277
1459
1466
1527
1474
1724
1669
1719
1842
1858
1800
1890
1819
1926
1888
1825
1544
1482
1276
1119
1073
1060
877
767
795
719
568
633
724
685
533
480
619
527
373
296
260
296
214
231
195
184
165
122
130
133
120
115
119
97
105
100
101
135
153
153
160
163
202
191
225
258
343
399
470
563
669
784
861
965
993
1031
975
1052
1002
932
760
836
836
785
771
860
890
958
957
1059
1020
1092
1163
1172
1194
1224
1264
1204
1312
1394
1469
1620
1573
1555
1618
1734
1684
1785
1822
1930
1901
1854
1777
1899
1554
1304
1156
1680
1624
1215
1170
1089
962
866
806
843
836
714
813
851
688
595
643
622
556
427
348
358
351
300
268
236
231
205
218
148
150
166
141
145
116
117
122
107
114
126
117
140
154
151
129
182
194
266
255
323
280
352
362
439
470
552
512
518
590
603
635
713
730
864
795
903
930
992
1060
1110
1037
1169
1177
1273
1245
1215
1221
1250
1235
1180
1218
1235
1213
1174
1238
1181
1191
1247
1228
1177
1278
1235
1334
1338
1302
1371
1306
1235
1144
997
984
986
921
808
806
765
740
757
824
788
619
592
602
587
481
406
383
357
376
261
346
331
271
240
201
206
159
143
146
103
110
90
103
75
83
83
48
117
89
84
88
113
114
149
193
203
172
205
230
226
291
380
319
295
351
434
482
583
590
692
693
699
749
810
816
920
900
1000
1063
1078
1084
1155
1212
1177
1162
1117
1107
1133
1139
1089
1127
1200
1181
1231
1233
1219
1249
1268
1258
1227
1262
1096
991
1004
860
863
755
751
740
712
693
637
634
560
569
530
487
365
429
415
358
295
312
214
219
186
164
146
160
142
139
114
109
92
107
92
75
82
78
89
102
112
154
173
188
159
200
280
383
463
549
685
832
976
1066
1068
1155
1102
1126
1360
1138
927
851
792
773
754
720
735
728
760
860
904
898
981
890
1009
1022
1117
1133
1118
1158
1237
1283
1488
1480
1522
1435
1713
1720
1717
1817
1892
1892
1881
1872
1800
1891
1902
1846
1714
1346
1137
1133
939
904
766
793
709
618
596
668
650
562
483
524
427
366
320
272
275
219
186
161
157
148
145
138
129
137
105
106
116
94
122
109
155
157
166
172
186
236
241
269
316
306
583
573
739
788
889
921
922
1200
1187
1269
1134
1148
1073
930
932
891
885
796
777
853
828
831
989
924
922
987
983
1077
1036
1028
1194
1152
1171
1351
1470
1507
1498
1612
1672
1763
1766
1847
1882
1806
1271
660
1565
1549
1596
1559
1478
1767
1737
1523
1122
918
909
795
796
674
676
621
803
586
526
554
544
418
367
372
333
263
190
181
152
142
173
138
134
143
98
132
120
130
105
109
120
150
161
176
189
221
230
256
302
377
479
568
705
844
923
1015
1087
1150
1162
1234
1161
1124
1092
956
924
914
915
859
846
832
853
855
985
933
981
1015
1030
1030
1121
1152
1161
1211
1252
1246
1495
1587
1573
1596
1690
1734
1822
1783
1931
1903
1847
1766
1822
1854
1747
1747
1815
1692
1333
1133
1156
1004
887
884
798
695
623
762
731
602
584
602
576
431
362
281
275
265
192
198
179
162
133
170
146
137
119
127
112
132
127
127
161
136
159
205
208
234
233
235
297
391
420
555
714
762
956
1023
1104
1132
1227
1154
1176
1157
1113
1039
1012
890
897
805
850
855
867
862
926
1006
990
994
1039
1064
1115
1036
1173
1279
1336
1342
1396
1501
1561
1524
1677
1666
1799
1776
1751
1774
1757
1775
1780
1709
1645
1468
1397
1544
1740
1645
1165
1051
933
848
873
771
653
812
709
644
595
651
615
438
342
306
300
292
242
190
188
222
158
169
139
125
129
154
143
120
141
118
146
171
167
165
226
226
249
233
309
418
451
543
713
853
903
1072
1045
1068
1143
1114
1134
1071
992
888
880
785
878
842
817
862
821
916
1031
1066
1022
1112
1211
1161
1188
1225
1292
1381
1444
1533
1668
1642
1718
1718
1820
1815
1825
1887
1883
1888
1887
1862
1860
1852
1361
1370
1698
1707
1512
1238
1137
1136
1106
988
892
849
843
875
853
763
704
699
633
551
486
458
484
355
298
317
236
241
201
210
202
192
165
169
145
146
150
154
110
136
179
174
170
176
201
176
187
239
275
328
426
410
431
453
541
620
653
604
619
781
729
782
777
879
971
999
1051
1089
1153
1109
1188
1306
1236
1366
1320
1365
1412
1393
1371
1324
1305
1369
1332
1296
1309
1302
1278
1255
1317
1397
1389
1293
1397
1289
1333
1301
1320
1322
1275
1160
1033
1028
1012
928
866
814
843
790
710
770
839
691
619
640
603
551
484
419
420
426
365
362
319
281
283
221
196
191
162
129
122
113
102
109
99
99
85
91
122
112
110
101
125
158
165
215
211
227
276
267
310
322
354
367
427
525
547
609
599
755
772
756
833
873
977
960
1056
1111
1166
1180
1262
1249
1346
1312
1317
1378
1342
1391
1364
1309
1299
1222
1306
1310
1326
1291
1353
1287
1242
1254
1274
1259
1061
1086
995
989
960
918
888
874
809
743
743
756
624
553
533
501
416
473
469
384
368
304
290
239
193
188
158
137
138
119
132
113
106
113
78
70
94
83
91
122
108
118
153
164
208
212
284
341
535
605
699
829
943
1106
1202
1202
1230
1248
1182
1087
1018
975
941
910
891
917
947
897
978
892
845
1077
1052
1042
1040
1169
1097
1175
1218
1173
1275
1339
1453
1526
1629
1535
1643
1655
1753
1849
1914
1910
1839
1849
1800
1705
1918
1897
1801
1628
1277
1156
1016
920
864
782
734
614
646
732
721
534
500
521
516
403
331
291
251
175
184
174
150
121
130
124
115
119
99
87
86
106
80
83
134
117
129
143
175
204
210
231
262
392
482
613
714
785
941
1063
1158
1223
1224
1236
1244
1174
1037
933
948
857
828
883
858
929
904

















1716
1830
1732
1968
1970
1908
1516
1429
1538
1427
1424
1603
1687
1668
1195
329
311
1464
1045
849
773
715
711
760
740
669
598
583
520
455
364
334
323
226
214
215
179
172
142
142
131
126
105
85
104
95
96
107
109
137
144
128
193
197
209
247
286
344
467
551
706
815
840
952
1093
1152
1192
1215
1116
1160
1048
997
954
947
900
830
868
884
899
960
930
998
1064
1021
1047
1074
1079
1026
1157
1198
1190
1362
1623
1544
1571
1620
1558
1769
1808
1783
1648
1340
1462
1352
1319
1288
1387
1425
1527
1675
1650
1435
1162
1004
989
966
918
786
680
860
766
656
572
608
533
520
399
360
324
271
227
200
162
148
124
134
132
123
122
106
105
89
105
110
113
133
139
134
169
180
230
257
309
381
467
538
683
769
925
933
957
1021
1116
1450
1304
1228
1180
1097
986
916
898
878
811
875
850
904
975
963
927
996
986
1082
1140
1203
1164
1217
1221
1359
1421
1515
1513
1624
1645
1733
1799
1816
1881
1799
1507
1519
1405
1541
1429
1583
1606
1646
1214
1176
1124
1182
1023
1001
921
788
733
834
723
652
693
657
560
480
423
358
320
288
238
218
210
192
150
121
152
113
98
122
106
101
119
106
123
120
142
174
165
175
226
242
311
352
455
578
691
786
973
989
1145
997
1008
1096
1098
987
1199
1091
949
893
899
844
890
858
961
909
1031
1057
1064
1095
1203
1198
1267
1266
1341
1183
1180
1718
1633
1625
1706
1677
1674
1718
1868
1928
1839
1459
1371
1269
1517
1218
1241
1759
1796
1672
1372
1204
1191
1078
1001
961
949
884
874
882
875
725
647
720
624
550
485
460
488
415
359
300
219
239
219
184
161
152
153
130
141
129
124
110
99
83
105
142
130
145
152
146
186
245
265
307
349
388
407
455
497
529
566
557
664
696
709
691
744
842
891
900
956
974
1046
1046
1144
1193
1206
1309
1338
1349
1317
1266
1348
1355
1401
1352
1377
1259
1281
1239
1272
1240
1353
1316
1310
1268
1330
1309
1297
1332
1270
1320
1282
1150
1029
976
989
884
824
812
786
783
759
779
763
716
661
672
585
526
519
519
475
482
406
397
318
293
282
231
183
145
136
120
103
117
84
95
93
66
72
88
86
85
83
91
95
123
136
194
248
212
197
265
271
270
330
310
411
432
438
535
623
649
689
721
729
744
899
849
995
1035
1155
1117
1070
1200
1252
1140
1281
1257
1219
1266
1299
1184
1267
1186
1267
1235
1232
1337
1313
1337
1216
1203
1270
1247
1012
1062
1096
954
944
939
868
857
748
716
722
674
652
565
528
506
420
483
464
346
315
256
218
193
179
160
179
137
123
119
93
82
87
69
76
51
56
78
94
94
93
116
149
173
147
216
285
315
452
537
685
754
917
1004
1123
1181
1200
1225
1097
1142
1082
944
949
940
913
824
857
901
857
907
958
922
943
981
1019
1096
1087
1083
1151
1199
1247
1328
1409
1552
1539
1566
1599
1728
1774
1846
1968
1780
1724
1635
1396
1392
1489
1532
1635
1399
1155
1176
1081
896
896
763
781
661
563
739
618
589
478
520
486
357
306
264
255
223
170
167
137
141
100
120
112
107
80
74
112
94
105
111
103
122
117
159
180
204
218
242
287
390
472
531
714
799
938
1027
1155
1117
1021
1268
1201
1189
1057
1002
983
930
948
875
805
813
897
938
825
970
958
987
1042
1060
1046
1145
1135
1070
1150
1285
1375
1467
1494
1550
1510
1425
1681
1659
1613
1614
1446
1300
1245
1303
1232
1356
1391
1348
1505
1609
1275
1088
1023
929
737
704
681
759
767
625
511
610
508
483
399
321
278
220
185
152
156
147
129
120
136
108
94
97
99
95
108
92
117
120
104
154
173
192
221
225
286
355
427
539
672
802
924
993
986
966
1034
1060
1107
1226
1191
1064
1062
1063
969
921
847
873
844
859
878
925
988
931
942
1011
1174
1247
1200
1175
1212
1310
1477
1493
1524
1616
1628
1790
1749
1803
1846
1845
1768
1564
1819
1773
1743
1712
1632
1443
1435
1307
1149
992
957
901
881
740
664
809
734
657
630
731
603
451
397
323
299
278
228
186
168
141
128
143
137
108
111
98
102
75
111
102
111
131
121
141
174
206
214
246
282
333
433
518
653
785
848
1002
1170
1211
1277
1208
1128
1130
1083
994
891
928
841
850
853
851
893
872
950
899
1079
1015
1020
1060
1079
1119
1197
1187
1251
1339
1481
1506
1605
1567
1655
1603
1672
1859
1865
1846
1826
1760
1795
1784
1706
1754
1790
1459
1390
1291
1240
976
934
933
825
736
693
758
797
688
619
633
550
415
404
342
369
314
223
223
213
191
206
156
163
128
147
123
121
96
143
132
128
146
161
189
184
236
254
279
318
358
449
528
662
803
936
1036
1125
1175
1065
1122
1100
930
1143
1036
964
909
875
873
820
886
894
931
976
1072
1016
1099
1222
1236
1235
1284
1358
1367
1439
1451
1665
1584
1585
1602
1752
1689
1834
1867
1861
1771
1797
1802
1764
1714
1748
1704
1690
1524
1207
1231
1089
1134
1253
1168
929
848
844
913
859
851
653
749
643
543
574
506
498
419
376
323
296
280
243
251
231
182
195
210
164
149
149
143
138
133
180
177
205
198
185
233
233
276
288
363
383
408
441
481
526
583
594
617
637
716
757
781
818
867
949
950
992
1092
1072
1162
1152
1178
1195
1218
1421
1390
1302
1309
1380
1330
1291
1398
1300
1247
1248
1269
1364
1255
1306
1303
1366
1366
1269
1329
1317
1264
1292
1198
1183
1134
1153
1044
1022
979
848
883
851
882
834
849
843
766
782
661
606
520
545
499
490
466
483
449
339
321
272
287
212
205
183
148
160
141
114
97
113
107
92
95
104
113
98
118
120
142
163
198
234
207
233
230
286
302
311
296
348
423
440
517
603
669
742
660
757
753
815
911
962
1002
1048
1150
1244
1227
1259
1214
1167
1292
1131
1300
1210
1180
1243
1257
1226
1200
1262
1296
1286
1257
1173
1239
1328
1275
1154
1084
1038
991
976
923
843
836
744
694
729
704
622
613
591
573
512
504
435
361
323
272
273
237
212
207
203
175
157
156
153
97
101
105
85
101
82
93
94
105
112
136
153
194
196
231
295
400
450
557
700
772
950
1069
1142
1203
1280
1225
1166
1156
1076
948
874
971
820
876
834
870
855
948
975
1022
992
1030
1088
1102
1127
1060
1219
1194
1195
1387
1464
1502
1492
1456
1608
1419
1838
1867
1283
1135
947
1561
1825
1765
1739
1774
1699
1757
1721
1221
1161
1080
887
850
781
637
693
753
673
648
647
586
488
426
324
279
285
259
221
169
171
153
163
136
119
124
122
128
110
121
120
115
134
131
173
177
185
256
230
266
331
356
480
575
689
810
912
1004
1159
1294
1276
1288
1272
1185
1030
1027
969
908
892
767
741
851
869
868
835
987
934
962
1081
1013
955
947
1027
1133
1217
1104
1263
1070
1277
1288
1343
1294
1320
1515
1487
1509
1450
1428
1523
1469
1261
1351
1430
1604
1511
1509
1327
1017
936
986
1002
759
646
740
666
711
649
614
562
478
408
348
312
259
188
150
298
166
162
161
125
138
106
111
101
119
119
144
127
171
159